396400827
18773932
17131042
18026430
16406804
17567479
19496859
17760687
20970522
18557888
34627832
25453226
21847953
19261973
23975468
26827755
16841900
17989414
23570124
21020201
18186405
23593461
33361263
33606401
22279915
29247111
20137831
18794153
19695074
21466734
24126637
18229999
22076950
16282725
16120220
19177491
16398681
16896545
18065590
27556514
26836186
31284966
22526140
31251427
37766382
16269399
21342511
31061010
21983427
18448642
36910905
16837748
33512787
19266404
17150048
15362343
22312293
16494493
16570509
16868350
13606262
19882864
15652875
22797398
18642862
16480602
16377696
14320770
29277799
20456807
19827695
16237594
46759572
20974774
14965226
14269646
23003705
11954147
15643618
12157811
13347918
10113309
12073373
12643601
10313312
8161574
4937325
4726968
4338681
5621873
5126361
5130724
5371932
7082804
7386723
7370347
6622748
5618252
4873075
4251940
5861598
6024799
5889528
8968925
5196297
6609968
6921385
10743805
10224004
5675681
4095161
5574358
6266162
4771346
5277059
4609136
4636024
4078715
3865778
3989005
3880663
4167578
4295862
4915228
6321791
9489412
9535872
12391201
7493601
4228180
5038042
7806537
9281150
4888822
5056156
4736049
4862981
6030652
4515080
5395649
6210383
5501915
4619974
4028126
7154414
4061931
4711232
4285724
3920927
4607323
3839823
4079746
4105994
3628863
3955699
3911244
4928617
4068789
5553990
4485236
4308397
4396368
4786804
4410000
4875056
4566784
4442427
7568367
6419915
19193837
7862094
8291415
5806079
7244644
6914795
4936266
6573903
8212827
8473268
9111296
8428867
6165932
4696718
22533218
38547684
120910124
15867072
15774233
21080674
11920863
15806759
16229009
11249913
10295674
13005061
15419682
15624444
9691770
15104303
10619032
14361546
13989637
12866799
11162644
12395343
11475290
13255687
9909639
11487246
14319575
12366956
9789784
10876427
9215300
11466024
26388333
14531208
11607527
11840562
10450675
11041602
9932050
14962202
10367589
14109728
10116391
11678150
11575294
11768356
8988327
10685237
13326884
14471973
9787811
12790230
8598453
12858894
9573091
12840448
10941474
14350461
10142371
12264957
15454930
11440811
8968218
10967856
11383369
11457759
11209524
11265004
9787415
12829985
11525864
14001938
22534772
12948136
10529152
9828029
10494028
9684495
12432691
12204524
14202112
9081983
12440700
9385734
3669816
3574968
3634835
3967665
6430178
3412837
5651476
4815269
6057100
5767698
3837646
4084223
4194726
3699118
6757641
6675888
5866199
5037092
4328691
7927017
6354394
4338579
3994135
5028407
7553874
4902889
6762523
5793616
3722597
6186878
5593320
4224070
4709096
5308563
5385166
5060687
8232743
5813062
5956768
5691647
5939470
3709307
3281361
4746221
3541932
6556312
8042243
5515647
4825842
9541505
4421694
4127686
8017784
5927526
7416272
3272208
4347681
3906509
3354738
5013975
3994432
6440688
4248106
5109043
7594597
4438195
7348014
4467508
5382297
8837615
4020959
8310676
10997291
7348130
7651717
10042489
14327227
10208456
6031463
4469965
5125481
5771509
8093802
3915366
5331629
9842623
7032786
5980953
6209655
5410150
5476588
5974126
4350991
3674178
5287491
6311522
3987158
5979681
3233788
4563085
10230115
4023284
3945373
3742467
3245659
6254346
3215730
6572871
3894888
3765558
3599310
6238305
8462327
6832944
8258424
14937153
6501316
5076696
13907291
10386258
6850678
5783338
5210080
5593943
3903034
6462971
5698047
8736236
5479122
6635255
6520578
6985933
6087217
10505465
15205560
4005811
3517965
3652950
4556907
3226643
4363011
3351877
4300038
3285951
3757418
3771235
9982758
3922448
4962665
6165407
4721681
4114557
3868887
4211576
7610556
9125778
3632898
4191509
14756733
3796549
4300114
8492815
5222372
5754759
8034699
12579074
15925016
10229380
6831724
6852560
6860115
5890058
4330697
6689898
12182020
4025859
15202240
5809418
15528963
15380468
16212047
11680055
4680029
5647751
7298969
4075761
9210169
5222784
6000842
4070925
6734699
11599191
7593964
10120420
5683869
3710266
3999003
3605580
4296236
3900272
10055850
5965506
4325324
7276940
3882565
3540939
4442890
3169077
3612031
3661522
3182200
4293593
5099740
7701093
5778955
4163117
3799157
3879598
3174570
3570025
5700184
4073263
7691655
3672652
4774074
4733886
3443789
4451073
5456389
5055889
3925406
3879566
3679506
3802313
8314915
5956936
5674855
2962821
6107991
3748499
9105395
7575374
13366359
10237173
13348510
6912553
4451375
4437262
7001337
5552964
3733049
4340558
3523229
4034232
4562263
5035569
6147247
4534428
4500828
5101809
6894718
3934805
5038104
3887887
6818639
5329803
4819087
6848491
20732203
9996940
86728904
13768907
12390190
9623128
10800591
9214857
14827657
9024610
12708205
9831842
11017888
9570702
10287061
9454312
9588075
8625001
9677357
8698290
9828472
10977377
10710889
10024219
10544188
10301335
13382869
11088173
10911302
9369537
11204724
10899893
10842533
8837728
10105321
8640591
9686089
8496183
10126059
8670690
9910858
10688197
10295886
11075169
10961783
12180439
10338961
9846068
10705210
13507179
16206932
12179588
13054122
9962171
11878641
10097705
11590929
9950449
10925797
9868369
11069380
18490912
11138003
9139843
10202917
10651670
10475522
9866725
14045538
9758043
10351952
9585463
10328995
8440080
9520068
8296179
9783146
9552823
15132499
8265538
12305010
9623885
11069902
10457338
10925112
3682192
3171002
6244341
4139947
4300564
4351746
4394677
8822341
3774730
3608710
4131794
3066707
3703090
3590891
7331031
4317963
6098978
12578273
12607989
7785780
6908242
5061975
3608771
7819542
4596474
4156099
3950350
7336029
9518207
6993713
5763162
13466376
6334571
4955939
10576885
6912670
9018037
6683736
5078588
3789562
6079289
4156933
5233996
4028780
3012679
4602639
3002587
3765259
4151156
3066682
4575632
3343661
4561525
4050137
2941328
5580874
5790343
5413956
3807163
6182772
6849664
4087304
3589999
3880718
4325302
4220546
4634396
3610603
3663525
3998197
4825074
2865116
4834015
3325796
3339973
3640265
3998137
4989147
12646621
3587856
3662202
5210118
4040115
5197022
4857167
5807878
4533741
4524762
5304687
10493326
17881113
5719160
5736312
7218744
3700614
3808350
5361690
3634002
3695728
4873811
5573963
3890751
3958276
3897079
4604709
3569257
4031145
3579260
5055998
3798991
3769955
3551088
3091814
3948249
3017966
3889046
13586950
12015417
5519701
7607796
5971979
8578115
4939658
3874037
3459756
5933080
3966493
5079357
3035481
3185758
3527871
3728216
3372517
3039694
3720980
3858730
3432037
3220538
3180424
3271506
3025886
4365700
3139870
5764763
5251054
5416910
5725586
6368702
5851269
4485116
4553911
3470384
3015541
2931913
3095177
3924095
3123674
4045801
3957476
4598430
5194584
3677632
4750108
4608458
3840954
4044640
7044582
4873829
5031436
22279190
3805856
5962691
3955488
3315439
7086076
4272339
4107708
5297190
5604785
9200732
5901170
5505599
3632875
6924541
3615077
3609557
4045510
3754671
3296751
3503051
3444707
3471555
3531349
3422013
3580330
3670410
3336106
3401278
3715021
3416510
3305164
4016363
4020047
3492921
4278923
3887025
5503749
4074320
23511348
3621610
7839754
7363391
4172726
4478447
8948728
5468469
5533415
4306508
5137139
9829059
5086103
7053808
3289318
4699940
7895429
6133208
4733838
4235507
4112312
5324452
4792312
5334557
4421689
3836467
4285492
3803201
3879499
5636239
3796161
3831768
3504342
3721562
5191962
13951308
5179163
4168923
8152492
5426684
7272450
5704997
4082469
5486995
9368016
6133556
11071377
6479744
3079557
3296373
7025287
7310155
4728794
3490386
4132782
3339852
3115507
3321044
3319812
3467982
3125270
2997481
3178230
2970701
3378075
3796637
16903177
7508049
18684316
5793491
5442501
6576914
6782101
24091086
113864599
9563493
9999906
15746865
13994095
18920200
18581756
10876184
11737104
9475913
10679210
8193268
10305790
9079808
10436492
8173117
9386835
8178858
10043518
8561339
9323659
8042231
9612896
14655160
17035815
9324508
9700239
16275662
9976850
9479906
9567940
10240316
10057962
9069479
9998718
8283783
9260984
8064342
9783898
8455981
10018244
9453798
13408219
14198177
10714433
10692040
10936502
9428540
12691713
19731720
12241265
9010017
11504062
8111561
9538072
8096999
9343435
10298197
9634844
8180168
9790760
10414093
11014661
11081188
9840267
10153181
12132817
12339797
11744942
13772822
10736836
8728082
10337298
8303886
9209309
7976509
9435397
8365624
9803919
8309245
9533465
9141385
10891440
4193013
5172823
4359496
7051189
3890549
3593675
6214038
11637181
3705437
3994902
5867443
4401701
8912194
8427554
3298897
4177450
3747451
5230161
3604347
4059336
4517932
6377289
2841551
4167323
4300123
3452821
2733310
4261933
2756085
3127596
2854790
3193681
4308761
4649038
4098594
3796208
3016947
3844412
6686614
4971386
27299861
3847939
5564621
4742534
7217640
3758039
4402082
4381339
4293654
4939537
6589426
9367452
4193684
5572425
15276031
6433336
5387739
9166677
5320275
5405753
5243054
6724827
3600784
5972046
8492489
6175582
6979856
2786768
3665245
4828397
3439599
3426680
3828751
3966885
3577603
10855012
5888174
3152935
4179842
4290794
4547232
5524399
4179173
7318605
4569095
4911288
4834827
4355979
4342998
7447387
12972730
6713638
7283060
8477767
4864357
4708951
4877062
5100234
4813804
14018098
6738489
7568750
8839561
8332636
4611075
5662270
3993047
3685158
4066073
4679795
7474977
6361283
3781467
5712733
10079000
7722341
10295647
5971166
6435652
6139645
6200574
12186659
8289624
14471570
8092658
9439453
15512178
7840224
4929222
5976717
9468669
6794583
6123162
4318227
4779335
7890405
7171908
8347232
5056461
3699327
4069872
10908881
5567769
3864965
3737836
8711663
9212620
5231273
9940062
3910127
4451827
5764650
11964912
6357109
6484792
6862057
5065425
9894828
5421725
7363209
11313041
7281334
13320872
8339254
15704561
6078415
15401444
14089874
11219711
5486849
3668221
7545569
7165537
4686580
5601322
7511885
10933199
12148021
10458680
11641251
9056378
6932941
6051389
13422289
5612086
7820312
3643706
7422525
8890901
4080472
9800746
6756669
16819297
3919414
6643736
4778449
5717457
5689259
8110968
8652732
3706300
3246782
6044868
4648616
7143577
5066215
4910175
4574561
3698833
3667971
3497636
5787214
7002968
11182063
4073939
6205017
11013919
3860387
5160236
4258572
6070805
4903097
4348366
6161794
11224996
4259767
9584840
11538817
6333517
9464552
8145661
5235711
7491063
6714157
7704025
6438237
3729877
4324400
6827735
3758937
4884555
3870842
4529128
3823692
3814563
4835031
12337203
4169714
11888558
5624224
6232665
4155232
8635765
4950218
4780046
13358425
3437082
3607381
4090316
3956522
8781777
8633202
6078226
6144961
4401093
4107744
4163410
6049560
3809700
8458391
7104383
6989449
6889559
8660438
8339067
7269776
6464275
6115985
8865069
10997381
4321984
14478070
13723393
6590354
9549966
9076429
4947749
9167137
5687825
149555750
27138089
21857505
27733246
31029537
23411762
13572208
11748069
13255784
16380401
13249482
12228238
8093775
10186957
9189875
10580067
12228458
11765182
11154184
9736650
11152152
12147050
14712871
14659896
16052471
10079149
8236871
9996891
7987560
10232210
7750211
10257507
9745777
10596884
9981807
11332888
11469160
9770338
10558588
10638016
11617204
10053404
17167708
12209237
15575096
12714072
9947748
9377926
9264823
37907581
8955424
10553355
8670256
10628193
8256885
9296731
9828682
14293650
9013126
9416694
13317725
10306182
9013654
12700885
9310019
10280178
10627252
22768417
12646820
23411727
16207022
10905492
22528106
19273118
19444083
17056698
14667629
16575641
14541380
19651870
13101004
17551792
13044723
5721149
6416720
5092794
9508472
7977190
7064366
7068921
5927136
7071928
11938098
3753804
2942732
3530184
3224206
3348390
3691001
5579859
2956660
4664826
5092059
6096023
5819483
6893448
4620211
4034076
5014060
4901901
4066929
4151968
3877887
3485779
3870038
10578667
3438858
6273799
4043589
3099649
4615487
4140082
3661779
3924249
3197250
5352385
3990587
3350887
6061245
5917135
9043743
7471716
4865645
10695151
4170997
6211585
4830477
6832612
5053297
4855880
5620540
5439962
4732675
6891841
5903687
3606279
5205582
5618218
3536554
3156800
2640659
2760065
2883757
2809771
4502196
4094335
2985759
3115643
3260674
2978163
2946557
2687116
3012486
2787293
2835768
2731384
2882133
2955549
3091324
2684914
3661840
2652051
3429605
3578325
6401625
2973706
6547761
4182848
6150657
7694667
6305708
8754405
3782122
3797829
3775734
5683865
13423233
5352535
4937570
5659664
4658561
3521995
7861744
5553011
7703148
4076545
2896777
3216662
2904302
2808784
3203959
7910685
3049159
3487407
2925353
3983524
4684306
4036015
4320597
4637636
3419833
3639967
3959572
4525910
5668449
4513196
3708899
6235721
5429920
5436435
3718123
3385025
4890651
5138972
5914862
4692445
3553287
3104974
3494935
2854382
4089632
3123033
2755148
3100887
2948845
2725392
2736119
2830730
4085736
3282032
3271182
8446784
2823121
3260763
5316534
3869056
2848722
5436479
4266723
3644177
4171671
4342501
3164963
3148550
4813421
2625519
4159069
3760029
2736377
2983094
3407966
3550829
2829696
3196310
3027326
3549360
5419810
3288155
2752278
2830487
2960987
3225804
3814064
6763285
4211711
6609037
3770588
2963966
3334232
3852263
4158806
4200160
4875741
3534816
3274238
4705387
2990118
3039291
3139830
2585654
3077611
3320215
2711566
2851772
7506803
3981586
3318881
5514147
5311514
3949072
2696445
3171140
3180170
5839037
6655682
9968530
3105344
3646026
3353953
3317907
4971283
2663479
6962419
4282204
3037460
3077764
3318140
3756498
3141131
3123978
4557250
6547553
5100719
3909691
3009734
9326609
10995559
5042472
6605396
6082667
3982843
6710903
4274750
4040287
5351928
4181629
4401393
8012219
3784742
7072479
3592984
10419098
4059905
7600250
3111630
5069778
4639951
8827990
5454721
3627759
3609911
5424127
4028968
3247101
5969563
4436073
6060224
5219519
6607017
7925008
14325596
10372984
4293444
2881982
4582438
3560132
3546009
4110609
2887637
3354661
4640004
3025635
6219841
25446244
120464853
12994299
10345339
12062163
9746725
8677308
9027138
8305170
9760873
13949070
12521166
12033143
10201147
8813362
11518978
9485846
11792916
11298423
11182746
9347426
11772896
8963134
11279944
12766097
14111811
12881014
15901043
16855431
29970536
14297090
22401577
19254525
22863429
14851758
13776679
11983242
13776861
11264423
13880954
13329169
14380938
13942385
16962688
12200246
13726907
13514523
16804495
17775597
11965034
9702750
9573135
8089132
8846279
7914904
9274809
9070894
10034980
10045085
9533358
8902014
9576449
8509896
9062051
8149705
10046620
9287572
10538208
9811985
10563692
9269405
9171120
7948478
9946283
8035827
8965017
7788222
9345013
8539390
10496577
12986900
9904282
9389961
11155932
4925565
3206350
3062637
3322525
2896711
5314618
3945961
2727071
7323751
2915919
4302774
3570832
3460565
7876732
4246269
8099832
13818518
2956447
5540305
4343752
4412737
3364149
3486847
3136916
3741102
3358662
3433337
7700424
4125734
4416118
11172198
4685143
5782401
3952368
3398808
5021790
3870238
3285645
3245761
3059274
3049501
5621103
5064450
2599008
2978792
3145784
3999154
3112278
3360390
3018065
3308540
4649272
5518594
3121466
3314357
3472868
2998696
4993608
3480336
8657684
8631504
7695800
5706648
4044901
3710888
12505532
5253529
4790315
4072390
2440796
2771190
3050789
3039279
2810652
2936393
3713719
3961338
3643375
2630549
4188674
3650838
3610840
5107225
3977187
3940162
2887028
2982151
4499466
7653523
4770227
3882571
4729010
2719534
4132215
4718787
2854072
3014401
5121749
3617963
2546601
2868365
4517026
3972472
8326301
4350800
4277268
4591809
5555718
4694180
4619189
3700834
7159488
3531198
3451201
3623924
3738990
5353621
4389236
2524371
2822725
2817100
3988462
2368206
2864321
3184305
2888694
9037015
3038608
5731613
9933740
6439113
2805743
3254534
4639629
2666978
4609165
2765424
2930125
3100328
3790804
3111571
3407067
3270566
3036492
3918035
2905433
2717522
5427521
3206609
3543844
2962908
5069239
3282249
4550573
3657552
2819670
3112746
11923575
3078074
4929946
3012174
3391672
7765319
4714966
3149214
7396881
2716446
2893551
4763296
2630547
2664371
3039647
2671408
2745106
2831601
2833811
3078903
3312126
2973859
2900336
3109384
3610408
4125815
6593066
5222243
2850094
4059424
3608880
2680355
3318795
3650515
3660050
3658965
3220718
3946680
3240352
5508215
2705512
3928981
3460712
3013849
4549094
2919509
3035643
3176048
2927765
3733442
5058506
3172463
3433517
2995376
3724094
2968922
4378055
4555133
3093743
3945204
3139235
12962963
3987703
3497114
3601025
5224252
2828929
2994074
3032606
2975449
2845416
2962356
3522301
5923991
4844271
3446252
5149399
2657746
3550641
5967648
3000706
3233763
5308279
4353136
3587953
3336243
3938915
2936775
2761802
2943984
3157554
5499896
7572197
2706897
2942439
2629273
3351896
3479830
4337536
4944410
4776265
3149058
4270387
3155798
7135950
8233609
4434772
3794311
5528638
3291216
3832372
4803695
5237722
3582739
4213540
3566392
3347219
4281851
7487694
3487200
4743783
2888452
2805634
62419802
72703960
10648786
10010012
8683942
7680946
9045279
7878786
9168546
8025784
9591337
11433756
11447290
7866557
9136766
7875247
10072611
7758556
10509262
9086846
10358707
9991774
11317266
8007002
11577956
8564868
9239148
7770981
9113165
9475394
9240591
8326695
10038177
8687802
11818839
10477741
11102339
9000969
12906022
24142540
10996251
9529288
9151056
15578391
9750006
7810948
9484384
7729179
10691008
7838467
9851266
8485431
8816487
7760885
8819536
7835158
9099410
7679894
11272808
8002982
10146582
9676114
11323928
9062301
10668077
9053499
10050846
8437085
9328817
8316606
11535818
8103463
9828050
10640468
8977920
8129930
9990975
7937816
9457165
10479254
9581603
8839571
10441717
2993748
3540742
3627584
3316749
5305732
4486790
2668877
4882309
10117466
5478370
4508578
17680565
3090858
2800952
2628368
4861374
2653288
3993485
2883179
3299048
4514813
3011981
3095908
3133650
3325620
3063888
3028919
2644428
4001128
2658739
2757723
2887124
2682618
2812970
2959169
2605040
2945973
2965603
2936378
2854804
3624472
3081771
2829598
3539447
2939176
7926377
3101919
5871213
3593806
4156139
4407312
5572044
3102390
4648237
3418694
5709706
5127681
3778337
5674622
3780405
2741314
4193009
3639258
5084620
5211479
3030848
3468297
3687551
5553289
4551819
4107946
2731507
2733074
2987032
2972215
3445305
2976108
2758456
2934951
3582703
5832308
2667909
3027322
2659511
3667787
2598547
2974214
3118229
2781465
2825736
2899036
3769906
2511363
2814309
2772792
4710304
3126314
4670865
4418528
5699624
2791346
4538273
2684307
2909850
4100859
5121350
5935150
5409640
4302268
4850274
2533334
3946467
4324119
5223051
3039980
9794612
4576837
4625587
4001205
6093036
2717432
5090870
4511009
2987304
9291393
4741287
3307880
4093854
3205299
2889825
3804486
3578409
2581800
3710664
3750571
2610468
3037166
3755692
2828776
2708402
3960341
2967652
2638434
2674082
4306634
2521759
3124959
3262238
3155725
4484398
4226804
3675042
3449146
4858267
2933067
3285744
4508027
4573811
3431755
4400343
2543857
2913112
7252507
5658708
3406272
3230947
3409229
3022008
3041846
5646010
6167376
3895681
4203180
3045960
3763529
5880534
4142103
3094195
3094176
2840278
2849141
2772765
3530637
3102694
3903439
2897344
2852968
2976652
2912300
2944903
2940158
2639557
2965225
2777773
2811531
2837097
2806497
2793584
2957381
2840805
2948854
2854428
2924892
2996737
2784605
3915649
5071399
3580257
5908553
3170288
2971340
3006549
2883415
5691241
3645201
2960851
3659640
3834178
2711569
3294188
3558233
4058053
3421251
3361332
4785037
4507227
3591745
3422853
3387832
3637395
2974464
9420270
7261400
2682698
3099306
2762624
2724290
2907853
3462925
5753511
3553536
3466745
2713487
2842513
2754124
2877861
3247447
2579306
3815343
2768932
2908154
4050626
2690317
2828225
3209227
2768262
2786015
2861170
3044072
2964979
2871744
4638636
2891434
6873205
3287587
3133913
2735157
3361156
4066201
2921373
6702133
3882523
2865942
3280490
4761328
2443719
3474497
3463854
3923375
5206695
4700274
4657473
2907404
4382183
4339716
67538390
33284442
9359796
9535259
10182312
8649787
11242345
9920065
11424261
9673681
9516663
7910097
9121223
7804609
9556893
11006105
10276613
13556919
11822969
8245386
9047486
7729044
9017922
8295945
10399857
8769203
11314314
8124166
12698011
8907183
10729755
9184667
9666263
8017312
8853440
7832757
10247267
7661646
8764948
9639896
9107357
7797325
8878744
7820684
8985044
7793381
9456897
8541985
10295847
8451947
11148367
8573592
10510464
9588030
9581347
7707416
10115735
7886329
8900796
8047512
8679068
9076546
9281893
7775819
8780232
7762625
8756624
7716421
8894692
8451849
11493247
8673123
9588949
9709575
9892422
9033023
12106704
8198895
9285613
8209500
10606465
8072305
9016467
2822115
2837531
6260243
3130388
3342031
2793214
2775019
2819863
4859679
2683366
2748790
2787796
2589038
2965855
2851038
2711550
2848636
2748538
2845498
2711887
2687386
2902794
2853290
2899839
2710596
3440530
3089077
3933986
4405389
2633741
2843353
6814481
3546499
4539022
6001320
3125875
3403268
3341097
4279809
3773983
3944601
3988952
2878663
12113202
7616835
4511776
4185326
3556267
3830712
3835098
4297509
2913332
2945543
3028437
2975320
3104183
2640149
2695597
3426729
4792763
2779568
2776852
2993662
5127093
2819469
2663478
2822006
2750835
2782892
3177941
2671753
2937632
2867347
2827387
3093733
3304046
3818015
3140457
2742341
2996974
7322969
3648893
3732926
3582774
3463120
3387754
12272795
8170774
3706774
2969770
2777011
2946956
4513728
5684131
4222255
3398097
5283505
3685366
6778747
11818338
6411225
3047904
3322318
4042966
3141392
2825758
2992541
3050160
5955157
2652838
2852634
2836142
3214076
2988895
2606329
3105433
2807142
4015943
2492077
4136244
2803007
2693566
3704408
2619626
2853339
3247526
2687711
2823624
5585621
4027108
3297098
4578003
8002347
4239560
5462991
3152788
3011607
6961100
4517322
2927208
5170339
4193018
2607118
7049241
2920522
9367538
4049351
5874739
4469888
4184982
4373347
2872471
5070072
3858950
3228378
3685571
3044530
4595038
2751472
2849815
5979551
3939966
2553480
3833804
2947380
2729783
2674686
2673790
2979374
3047394
3058197
2530411
3170610
3859512
2636085
3940627
2998625
2804387
2699464
2770361
3145478
5349041
3651085
8684391
3011367
3017811
4237422
3434995
3875759
5063559
4225156
3204949
4588149
2557653
2979434
3105828
4098242
5422469
6561978
5090052
5092450
8432395
5370903
4375544
3134489
4977543
9100006
3068994
2642741
4774346
12203947
5191428
14477074
3140147
2868135
3808909
3738712
2566522
3222500
2935952
2837510
2875459
3876878
4352875
10340571
15553860
5115553
12228105
8445239
8089888
5494688
5754573
7005782
4414536
4709166
4612490
4984129
5033101
2986319
5273083
3278401
3463399
3762493
2850492
4242718
3827276
3114473
2976510
5043199
5414828
3805743
3520034
3641357
5945453
3571331
4083035
3472700
4526832
3075070
3851643
4136719
4444720
4131657
5370644
4460860
6702176
4074120
4646642
9354670
3697917
2800194
4507686
7436863
4573237
4708567
5394730
3715201
6568168
8345662
119661435
17087430
10303392
10410056
10616793
9706728
9401902
10930384
12906148
18199228
8731830
9056756
8296376
9062208
8496055
9815852
7797882
9050144
12372051
9080024
9434570
9522896
7915078
10251714
9613076
10117269
9644456
10816541
9559200
9030225
8579176
8905595
7607497
8935013
7927519
9304360
8266815
9523643
7840533
8847680
7942202
8909079
9022865
9298817
10346959
8780338
18627472
18768754
15178093
11046660
10321219
9416928
10476837
9570256
10343647
9970655
10270724
9291349
9934351
7935443
13470616
13982287
11361853
8379092
10701004
8790785
10625308
10810986
9985872
9052393
8871162
8482768
9230190
10204483
11939077
8527630
9462914
7941647
9330376
7560973
12232665
12987121
10538167
3549978
3695007
4632222
4260194
3397739
4747564
3246485
2685263
4706989
3675745
3213740
4277393
2736540
2956723
2652106
3041158
3776856
4686939
4007537
3158072
4768917
6302730
4033422
3420365
3446119
3221489
2536526
4267033
3138066
2976813
2866233
3636969
2432611
4867416
3865577
3036580
3262535
4265750
2702259
3079320
2697086
2873894
2749384
8474327
3085979
3913911
3690793
3134141
3388984
4028223
3143371
3648802
4891765
3741962
3882155
6733595
5954062
3239731
6077336
5541908
3729172
6603770
4635297
4787130
4317412
5094646
5245529
3003001
4722470
4175505
3444326
12631720
4261399
4890413
4458840
4385731
4316872
5052878
9665110
3459883
4560062
3712256
3230254
6124283
4601647
3069442
4534942
4883395
4015572
2906640
3594422
3532873
5252207
3832799
2842601
5746934
6078055
3241396
3759238
3478506
3074145
2693918
6179843
6194411
2512699
5195361
3508333
2917331
5023200
3066652
2746696
3238727
2787207
2638026
3111310
3733801
4114686
3869607
3167550
7069150
2885169
4033626
3741244
5439734
3890664
2845612
3133354
3774907
3070390
6665020
2770173
3522611
3121695
2608952
2616037
2607421
2505069
2574555
2999507
2466703
2856574
2829424
2463688
2779725
3023895
2703923
2779180
2897802
2739596
2631210
2824657
2621421
2721223
3736362
4657132
8223807
3097556
4722842
3851254
2507228
5583808
5550430
3593382
3707442
3017237
2589689
2732339
3577809
3316378
3922177
4947258
2886454
6960698
4688320
3272986
3599204
3468088
6065618
4295640
4214107
5421880
4009112
10748479
3666219
7162401
3082849
3298513
2687004
2757016
2991208
2685897
3325368
3405826
3238153
3759252
3478644
3291594
3362261
2825826
3349125
2837729
4253179
2935529
6150378
6018862
4898322
4227846
3401782
4419316
5366398
5500938
15227876
7721904
5012104
3429035
4814704
6554936
5332452
4603724
6473578
5272294
6670083
4953679
6893900
5859633
5023470
2509210
6094806
2671842
4577646
2873006
3196169
2998519
3098008
2793879
2862515
2806056
7333049
3880335
3802430
3665216
3620380
3363363
2767895
3196880
3009588
4833455
4022428
3280381
5335467
4487433
2452772
5183496
2872871
4330304
5025753
4077925
5915055
5070340
4482318
5275465
3848992
2985359
6641757
3434631
4820363
4378781
4223124
9746346
5053880
3815489
4387138
13693603
58549749
10787663
20173685
9181630
11391047
8136263
9492333
8514184
10296298
10019608
9995692
7839947
9472767
8193882
8872513
8562212
10851287
8702748
9072949
7740771
8833961
7661012
8874244
7805869
8840688
9179498
11613159
8281309
11219212
11449460
13392198
11147552
12312961
8611592
9252821
7993173
10176332
7866686
11962133
7635729
8952482
7512067
8855355
7511921
8766801
7752934
8881665
8593658
10714924
8829864
9687140
7663266
10988725
9273781
9628480
7686692
10783646
8928956
9197753
8597854
8954723
7804274
9253537
7856244
8999072
7440657
8656405
7561640
8679900
7789625
9239241
11314423
13448759
9566218
10834200
8521291
10745776
7814109
9783053
8195472
9011949
8475146
8577580
2982504
2584043
2724418
2963992
3066727
3371999
2823362
3499906
2960246
3382011
5475799
2666052
2547392
2853060
2589676
2927556
2578277
3079621
4857752
7716541
3359569
3340075
3053254
2834329
2994666
5506263
7594221
5252333
5304286
4722016
4631574
2946182
3319746
3297079
3009942
4737962
3790986
4141191
3117767
4486414
4686407
8861095
6762711
20227596
5671844
5546084
8868635
4348361
3772787
3074999
3303102
5050139
4493236
3763913
2445165
2794889
7192692
3458063
2839676
2633505
3928398
2715385
2573523
2920832
2770021
3071835
2951241
2818904
4915236
5966884
7489606
5781485
5278769
4454555
2853270
2992562
2705663
2764422
3854474
3261316
3796943
2659437
6037676
5356047
4517820
4176974
6729013
3960460
3944279
6374041
5213134
10655085
3850408
5826220
7367306
7460291
11225842
6801843
4352074
4149844
3482315
6590416
5839988
3403681
6807384
3526018
10343627
5767255
7131334
5843651
4982511
2578303
3339865
2981635
3304584
2821527
2806162
3213782
5075579
3567539
3228481
2956882
3754679
3047819
3621558
2560261
3156390
3958316
2918610
4670917
2761636
3233618
3227446
4412292
3274232
5939279
5495309
5258057
3543765
8272116
3107076
2653432
2663038
2796514
3491890
3059540
11342044
11629895
5984778
5533805
8075828
8029808
10390814
6974961
5887508
6231269
9200557
12878366
3540188
5678659
13616959
4071752
5034277
8294543
6789633
4910139
5291814
5363114
5537906
4036206
5353373
3678477
4931573
6361334
3272479
8578456
5354477
7063338
5565527
5143122
4185538
4164218
4581028
4534391
4916827
6322599
4818590
7833525
9005944
7745998
11602414
6472266
3440533
6327266
8380039
4072499
9477814
3737871
15587791
16720997
6644477
6388860
9568388
5893076
15359761
5838206
4900793
5901198
4480759
6143346
4945208
6266129
5839971
14555307
8195802
6008216
7954671
6433562
6252715
7590150
4156097
4553479
7934547
5564997
6432791
5961142
7090219
7978483
5961069
5253699
4148913
4057633
4107315
4372320
4223237
3879869
5325035
3943053
4138159
4471529
3996771
9093281
3404122
3685071
4243619
4350512
3356965
8179336
4780692
13600113
9348416
3615476
5687690
6915566
7440480
5994746
6511091
4793049
7747208
11265464
5939318
3997954
9508178
151358173
15521433
15532447
11099441
21533719
29158647
26684395
13395334
18651619
13832957
15173523
17507253
16667744
19224986
15894622
12684286
17766749
32761516
11887830
13725735
16087934
14833799
18331765
20947586
32554820
16840387
13545990
12853608
12018674
12968421
10926137
12129102
10750513
12637845
11647292
15972181
12585634
14210536
12088106
13807181
23262732
32021193
13252390
14784205
14605327
12681969
12466931
12863736
15037272
14616471
11700926
15705367
10860858
13094196
15437961
21305045
16708105
17293144
19817415
14161342
13518261
21413864
16715984
22705362
16303119
14808697
13520865
34063455
27975923
23497043
11618765
15910013
17352721
20518142
11030470
11999597
11134012
12309219
20319466
17372552
15983611
13268354
12700686
8179660
5874615
7798018
5276540
5196359
10248966
5281425
5182401
3952842
5421102
5941797
8204411
4098370
4140736
4068765
4094743
4174497
3205159
4110467
3498489
4071848
3086083
3467397
3872209
5064798
4918858
4756634
6192438
13436075
3725140
5338149
4532901
3807466
4671603
6433438
4988090
9152984
5275519
3056969
4379930
6788650
3475040
3582418
4254324
2731767
3072927
2598768
3962211
4074411
3631910
2716168
3568279
3643460
2505257
2592842
2696805
2947990
2604687
3846603
2425130
2662061
3143258
2574379
3464246
3865061
2370928
2926066
2720940
2595171
3176378
2802579
2635729
2837119
2717214
2971357
3262811
2503660
2537565
2676824
2691970
4638001
3485560
7258220
6586101
4568674
7336668
6936589
3076999
5690918
5098453
4140018
7391321
5751989
10126831
9203564
3671321
4792976
3361312
4574376
3120368
3907194
3693042
2616061
2766603
2558018
3257674
4616880
2660660
2556591
2757973
2963350
2690142
2579116
2725099
3107013
2510044
2645200
3569117
2432789
3016462
2549147
3268454
2832948
2649222
2764971
2692400
3770214
2596738
2625202
2646360
3161842
2677985
4587694
8736566
5482957
3627792
2577071
2948085
3250233
2910032
4626123
3231497
3678517
3059485
3376103
4436570
3066853
3147541
20685513
3649696
3577496
3651391
3186814
4171174
6074313
3060004
2807615
2496287
2590821
2815137
2665520
2681590
2536067
2803266
3357395
2481535
3104487
2439238
2744405
2865958
2840993
2702807
2700515
2940734
2724199
3562126
2852056
2859583
2515938
2849118
3614977
2760877
2739869
2566574
2609274
4762070
2681462
2662600
3151628
5794037
4740085
2926241
4753669
3709201
6837129
2733278
3149432
3119287
6926568
3567455
3236755
3403953
4575311
3404428
3213895
5228074
5029913
5198071
3163900
3585697
2916047
3614642
16480485
3004121
3311488
4435785
3612054
2599303
3617606
3517292
2491727
2780360
3622818
2362548
2918455
3708900
2414876
3063841
2874001
3014248
2470751
2785072
2971226
2734555
2577965
2728916
2645851
2801767
2877235
2771555
2602892
3161879
6057520
4453186
3756424
8364917
3909403
4118771
3035308
2854927
2734267
4264831
5516048
3301062
3283155
3646230
4301836
9582746
9505426
3983646
2800232
3281738
67825279
13801242
9043773
7940756
8670982
7452127
10879586
9752004
8767031
9139857
9577616
10806248
8421930
8887486
7864977
8690420
7570993
9862678
10940222
11043754
9566507
9406822
7564993
8810388
7430120
8626514
7689382
8774496
9132548
10631453
7830729
9943509
8537629
11673467
10786208
9217835
12314381
9287795
8301841
11959608
7511389
8841106
7546600
8693570
7600209
9272791
7645764
8827012
7498170
8643128
8147433
9387021
8118595
10373475
8224964
10585258
8326469
9234843
7994357
9656900
9017471
10748127
9851576
8516093
8010557
9215264
8668800
8572585
9630871
9869458
7745487
8929569
8580905
15196795
8497522
14072305
10435665
10722295
8737253
9291678
8644008
9085719
2573853
2766153
2745384
3379253
2699290
4919644
3041500
2479306
2873302
4812097
2511356
2866923
2594070
2910540
2632377
2553788
4409247
2454787
3482005
2375633
2878057
2845192
2461379
2769305
2602050
2537150
2971993
2506857
3799266
2406478
2843599
2664748
2586421
3202924
2622455
2885864
3647093
4583340
3375136
4855198
2915987
2885156
2612115
2849512
8204386
5923673
8994962
3026673
5279818
5020500
3490632
3820962
4016007
3427803
3770383
5853974
4051889
3230803
3680439
4051255
6067162
2922553
3600176
2797269
3940086
2332947
2906863
2780126
2551362
2972887
2539266
2856487
2727614
4066808
2592807
2603186
2889356
2522456
3131927
2735024
2810545
2583141
2585008
2620192
4098152
2280408
3033318
2774249
2721277
2517589
2972144
2809058
2444443
2770230
3731649
3618115
4102166
2885512
2589831
2567631
2889256
4178226
3988331
6644064
4341416
2702173
4824636
3542080
4136404
3506396
4359754
4201075
7626140
2924950
5193013
4345810
4009240
4192386
6983745
4362346
4222120
3870215
3464410
2552741
2692531
2712331
2626882
3981698
2387755
2795213
3704308
2726898
2760690
3089363
2590161
2568485
2553170
2583519
3962878
2338584
4787443
5701475
4711080
2984165
3391779
3520178
2765938
3464681
3060686
3148862
5291312
4536025
3100397
3584533
5684628
2906256
4304513
4312307
8539964
4552003
5198697
8628832
4503234
4412225
4523275
2804760
4019109
3671456
7867348
6786598
14089529
3663113
2679067
4756762
7437748
6573823
2903180
3000395
3149754
3733285
2949006
3158331
2893829
3020159
3223027
4272188
3295994
3183452
4414233
3025848
3171529
2813050
2953545
3208926
3184652
3340091
5200503
4696852
2616208
2896736
7479386
4403432
6153687
6273714
4752337
4886147
4076960
4430218
8181641
9355634
4781909
17185603
3424125
7198915
6214701
2693147
4097727
3362065
4716117
5262241
3784135
2532439
2885660
2718444
2926682
2608316
2594222
2725582
2514126
2574180
2535091
3773104
2362960
2702712
2699286
2511234
2698350
2761058
2753548
2576296
2782963
2694595
2593948
3449457
2677404
2960016
4539554
2753098
3102884
4239039
5645617
4637116
7408495
4010508
9697547
3054913
12858440
3494518
40046294
53770503
7578744
8988168
9407195
8558099
7486434
9831397
9816652
9234891
8726960
9733860
9176564
9717721
8335236
9104972
7988559
8596005
8783300
8907060
7412726
8968068
7797093
8899159
7745111
8975044
7540228
8737726
7681565
8791918
9502225
9888619
9150409
9279093
9501591
9591514
10240592
9955117
8348908
9011705
8062201
9421418
7497961
9546796
8099220
8546198
8861467
9510838
7819438
9338349
8721391
10073031
9202045
12915288
7991547
10298741
10640883
10438782
8933924
11398048
9168555
9341943
8569036
9544489
7710921
8690210
8042885
8772689
7682221
9958383
11723914
10755582
7441713
10684116
8305655
8944013
9719049
9685127
7883264
10665689
9048214
3289081
5075918
4164582
4322141
4245794
3680622
2523602
2766530
5543263
4263877
2722118
2979213
3270639
2604636
2585609
3991814
2490404
2968940
2535138
3209337
2539897
7389652
2838483
4233133
2299915
2777667
3000659
2618074
3721183
2386310
2646834
2535271
2949401
2474236
2786411
3038630
2717795
3976686
2396322
2930464
2525361
3301938
3420854
3275078
2586532
2658134
2527193
4311080
3091728
4325118
4669460
3416274
3082890
2763345
3093797
2804670
4061817
4432270
2851631
2468632
2680258
4331964
4527347
3665462
2917979
3696541
3733197
4058007
5031221
2823587
7186466
5263138
2502920
3959459
2672732
4436446
6185899
2436216
3119257
3059703
2871948
3844724
2774532
2615886
2637250
2594509
4328700
11285124
3989406
2617389
2605403
3151508
2746674
4109820
2883584
2596341
2737178
2776838
4242420
3457682
3718893
3554583
2525182
2654407
5918614
3293821
5235056
4053494
3551206
4779171
3930248
2804861
2629918
3835691
2753730
4571940
4836189
2606692
3896179
3484237
3160979
4392490
3575057
4937826
4279690
3240502
5545634
20318812
4355015
3246072
5005737
2560529
2824854
2693206
8798686
3286313
3143285
4703734
4576331
3673431
3267659
3187024
2871200
3677112
3328893
3052487
4949289
4115130
5396332
2838019
2986064
3996246
2692307
7820298
4500304
4410141
4989232
3010336
2888187
2636361
2930233
2942354
3589539
5053935
4327865
3501377
3322551
3301769
2741757
4785707
3243668
4769442
5704649
4598229
2792077
2918149
2939190
2900425
2998437
4792409
3104383
3041132
2559704
2700148
2793823
2730139
2618793
2586268
2566910
2563185
2556119
3698190
2725067
3919957
2325010
2573176
2768681
2573199
2817599
2597291
3702256
3429578
3832447
2331874
3102038
3326086
4289679
2966311
3269510
2720548
3493338
6294101
7601270
8459705
4129100
5085114
7109698
5866711
3644209
10016869
9782724
5095623
18830414
7460291
3111049
7946078
9100389
6883006
5493862
3449676
3061629
3656948
3223135
3182335
3297956
3261853
3147337
7231604
3627717
5139625
2998073
3414460
3000722
6590684
5424466
2821700
5695490
7200800
4897770
4303736
11600001
111659955
9050151
9169710
7493420
8665707
7602125
13975788
8035516
10197807
10143373
9470747
7933139
9712279
9324330
9124414
8654323
9200951
10599990
9365386
7797885
8719050
7607330
9880477
9048823
8931825
7748401
9542825
7850584
9836361
8194115
9254707
9294100
10331648
8627332
9815749
8417456
9247985
8986827
9868019
11398009
9715940
7903664
8875582
9231781
9762815
7640229
10568107
8043264
9021716
9369569
10384315
8087189
8592628
8607678
9208793
9711224
10270028
8044134
10048642
8496479
11527733
9820176
10623024
9342939
10304324
7949189
10271252
7810570
9032389
8804755
9172441
7886758
11422336
7752666
9964939
9245954
10403901
9341216
9692517
11114536
3086017
2842285
2615217
2830297
2846703
3511278
3273205
3004094
3634406
4918545
3547195
3517978
3158134
3236276
2615565
2773011
2938567
3046298
3167288
2767326
2859707
2890433
2747795
2851320
2948468
2459097
2566139
2650811
2789029
2481351
2666354
2666364
2609327
4795345
4453211
5678718
6709018
5795016
3921666
5941841
2685100
2611223
3292305
4027791
2567159
5001778
4322504
12531314
3404060
7232942
2569013
4730774
2764111
2640518
2776091
4457998
3169467
3018356
6552279
2779527
3428629
4487667
3964521
6218237
2834079
2866603
2998735
3621009
3645256
3461639
4681953
3576270
3501893
2773922
2640460
3583073
2551102
3029642
4596392
2403493
2942273
2520891
2943651
6554076
3193355
3570452
3657608
3744506
5249688
4321006
8144836
3747029
2826316
3792855
2599775
2718052
2667563
3876909
3500842
2665753
2895178
4750014
2539639
2912068
4350829
3720796
3890431
3696965
3578525
3360808
3822899
3117415
2537347
4992222
3875373
2747826
2676000
3502270
2529828
3674169
6638745
3974052
7661403
3269297
5544387
4337610
3227722
3379227
4593861
3048349
3062592
3010102
2590826
2538346
3091289
2885605
2378350
2650591
4101178
4312342
4336753
2975984
2678301
7598825
2982393
5625560
4885432
3185136
2617531
4287015
3788239
5941919
4016962
5533120
4690443
3169660
3591991
4385930
3234958
2600395
4514493
3042622
4317864
3658894
3591709
2956911
2714599
3645228
3262974
2754554
3054908
3236803
6415262
6053465
2975107
4510882
3161737
3006281
3580235
2534182
5922032
2513135
4123790
2823034
2618240
3876694
2344452
2767832
3051639
2957753
3191817
3707298
3996601
3059618
3463901
3152910
8142179
2995216
8212513
6372234
4570227
4111970
2855176
2389111
4311823
3047274
3453158
4054201
2888942
2763200
2617186
4740681
2837018
2954214
5524794
2411804
4293233
4249639
2848794
3732170
2791817
4379681
4125698
2952280
3134780
3801193
5064454
3348365
2715265
2627441
4487661
3316847
6665612
2929187
2600731
2757312
3763576
2727237
2528215
2667662
2725806
2988804
9549574
90730476
11289771
14485393
10166868
8770340
10178802
8649811
10597092
9398096
8938384
8736872
9283344
7792339
9191717
8112289
9198860
8638364
8975267
9675973
10366056
7277767
8518270
10570589
10064242
8389135
9318761
8189262
9791951
9417321
10159927
9714162
9111266
8145386
9593359
8907571
10855411
8122521
10058959
12437370
10121383
7339089
8727392
7707245
8698141
8105471
10458428
8816630
8772595
8067976
9312706
8031566
11011445
7609755
8906438
7623939
8684474
7738024
8899745
7841548
8637160
7657524
9321289
7632318
9238489
7570038
8808515
7723699
8906215
8190408
10344593
10115236
10350178
8746461
18151337
11039416
8923741
8336166
9685535
10165535
3394218
3043078
2685636
2915840
2752586
4167782
2857808
2458195
2785442
2558354
4069915
2860845
2750860
4228254
2924119
3428452
2632599
2554149
2758113
2827789
3044144
2440332
3001361
3966010
2620082
2838788
2623212
4007160
2312369
2950035
3062798
3699466
2865082
2851955
3038591
4386806
14273323
2851918
4940246
2908753
2966496
6922757
2783353
3609015
3318930
4597664
3499627
7119088
4221513
3104648
5702768
2373923
7201667
5583170
2450341
3293894
4287075
2467752
2699623
4851509
4544730
3941940
3445794
2501964
3238858
3419741
2904452
7218682
3077463
5190253
2986315
3088673
2621455
3688262
2595187
2915803
2900817
2519963
2890090
2833088
2874812
2593369
2766524
3776507
3813379
3963601
4045277
8468565
4797767
3759402
3431278
2845593
4594318
3989764
3986936
5431355
4039556
4876208
4858352
4260543
3021308
6698764
3874274
6692223
3339654
8612225
2469696
2921391
4540707
5425105
2647830
4489144
3675948
2524941
4296548
3425455
3301550
3351368
5747832
3102701
2542230
3310076
3570615
5059440
2762381
4259619
4127721
2733593
2590172
2545998
2664171
2622519
4361458
4726272
3352702
6247386
6207973
3050570
