199795973
5440104
14485460
10881780
9046144
6697143
4440377
9242046
9116094
9403350
5475057
7258116
7897147
7746228
10250177
7286751
9039728
6328366
6698911
6200695
7855754
7787083
9127305
13790695
5869719
12944401
17726981
7323197
12516772
11903055
28119462
10674296
9726884
6802624
7360748
7776153
6738732
7803347
8389847
7429249
5967327
15849785
6246766
6246742
4927565
7363697
7275919
6542002
7533323
7309033
18075593
13488394
12302404
11565493
5503750
9259677
11435043
8993295
6763449
14756426
6681362
9710790
8490620
12810213
5139727
7427285
8915365
5372508
19389972
14661074
4674026
7586820
6708571
6350700
6730528
8482097
7814182
11463961
4421091
5267243
6147199
8820144
5796822
6039230
5807153
5504110
7260358
10560193
5283504
5812133
3988462
4048045
3922735
8684163
8280065
6958638
12469616
14106874
5356342
18881312
6779057
6272919
9060096
118569592
20005647
16325009
20238291
20497849
14485011
12766665
13373448
23910006
11483919
16652295
14399686
10507803
12584357
13123740
9940382
26401527
14898195
11370097
20971947
15531634
14720724
20421882
16182782
28574461
17818366
28139847
18341694
16932596
14914532
19163607
16644125
23484043
20302817
17211315
14393571
37946613
26209421
15660509
26799749
16428807
13300718
12615280
14948032
17272831
22580212
16964375
13498274
20911018
19513779
25916565
31221725
21497583
21407838
14533442
13344253
27641433
26116713
23761333
16091752
20368750
18918721
21786545
27036498
32340511
27993935
16450068
15931721
17764529
18375265
14005814
11342683
12665110
9956944
14187611
19751525
15559021
12647573
4798241
5330166
14143673
7133160
6865446
6969554
8682890
4907292
6363974
6818448
5965386
5063665
5555486
10267508
7103066
7748534
5177847
11691261
8686798
7370709
9129937
9256027
7678453
5948335
6001615
5263705
8077373
6159578
8650548
4323366
14452989
4012869
6856773
10260902
11430939
19293526
15995442
7266240
5168618
13104174
7919021
4239045
5150278
8276608
6361066
8193213
9329476
5346089
5309655
12838429
6637039
4673363
9891787
10712784
9886584
10392315
7302073
5994322
11691277
11250262
8052834
4731138
14278367
7304918
4940569
6686053
9326684
9511880
5311828
6367737
5740809
9066151
7573935
14174533
5836881
6378703
7360612
6027999
14792469
9058142
14860474
8267655
6546877
7221375
6287863
5582502
8471156
8623296
5528070
7918012
11144164
7491580
8941233
11588336
6943669
6373916
3879089
4119660
4803203
8007345
6857706
12024204
5841479
5991705
4370172
4946614
6064440
4443104
8038426
5477180
8472098
7003722
4686425
9925194
6814433
4771574
5953428
6775453
8336658
22498299
7402262
6476175
7361469
4268420
4270481
4262202
4360938
12748476
4193013
7591562
9705682
211440879
5105512
5356502
11241598
18090372
7042824
7284770
5553587
5100987
7411550
6899772
11247449
5627555
7007607
4048338
6364896
8971384
6308288
5558246
4455520
4484158
4432435
4145937
5556915
5045949
4500142
5881839
3853222
6689129
6715566
25909917
15845967
15346865
10729966
5836750
7216670
7189116
6953361
5635701
7304697
20085050
6760922
23347713
7187769
13006787
10464237
36824205
8486004
11850039
8471538
9379316
16682919
5817774
10955473
4069077
10748342
4760702
8033859
8027280
7154087
6612605
4469784
7572047
13459899
4831946
21691970
10257961
14943108
7869259
7317661
11912009
6220053
9129539
8572916
5845241
8074613
5233868
9862832
8968182
4608639
4304862
9456759
5784183
3936188
4251039
6633413
16312780
6274536
6859206
6864824
7183619
18310029
4003752
3855563
3768033
3758312
12884782
4246977
3861393
7810544
6777939
11350943
4413375
6891004
140785783
16671487
16226346
28264962
28119342
17354379
26506517
25563242
15421185
14031587
11265958
11880556
18664652
11965454
12276254
12315065
11898510
13518322
10128741
10861005
11305950
13126111
10440817
12008617
8332222
10359921
8997599
10304761
8980389
12329629
20508580
32590625
15789560
9700359
9182805
9211067
10674831
9312451
9524499
17279584
10181005
9893798
16016984
10930782
11116926
11773958
7974488
10424799
10127193
12088138
8205760
9579767
9961338
9217544
8266418
9204553
8009967
9227273
8438106
9478705
7986586
9449266
9820918
10698710
8555952
9195637
9467005
11469448
8860407
10565210
9919737
9814316
7858907
9034179
8651128
9736444
3300845
3308412
4860550
3715154
4244114
2929721
2714708
5689547
5094924
3787335
6993166
5595348
4157382
6779376
5425807
17565608
8374249
6372418
5555686
4793364
6010541
3953419
7127068
4235507
3598604
4401947
3437635
2983921
4862292
4055864
4626239
3563024
3424314
4588620
7360133
3446824
3732238
4902672
3252204
3039386
3324923
7321421
3076393
3420569
4176732
3444172
3336717
2836647
3179073
2934379
3709677
5135848
5369013
4883375
10015320
3250281
3950491
6677597
3295672
5436369
3579963
5925856
5886384
2534024
3979885
4193188
6397293
4079296
4112056
3867103
2785060
5924374
3946797
5670558
3860952
4247664
5815377
5445383
2998585
5388849
5913922
3428331
8255884
3357145
4528336
4109889
8053082
3238194
3515148
7274821
2472769
2839431
3430476
2956188
5785566
3261553
3219004
3063832
2837951
2874395
2796308
3312154
3439766
3317940
3525551
3427407
3089556
2962976
2754627
3340154
2635061
2918212
2963923
3990584
2902283
3422097
3962424
3174848
3269392
4241793
3144116
4288580
4514150
4173256
3922827
4590056
5588890
3960842
3847724
5322353
10858449
3961573
20380164
6094736
10814326
7342475
11220165
10246503
6111340
5059116
6856146
4769931
12316573
7223226
4355678
5017943
8634826
10700965
10113244
4821773
10753553
7342015
4079760
4378664
6074773
7646623
7704648
3387054
5912648
3459579
6945876
4339784
4094697
3797021
11740019
9849455
11427379
4343592
7685391
7026241
5017659
5624443
3692792
3460612
3748807
4045856
3899554
4444936
4899279
3749986
8846841
3894358
3622016
5403941
6217187
5093426
5130212
14470636
6833900
6283962
3826368
6404056
4272510
7555024
5217487
7445444
5851562
4303573
4162909
8888954
4511553
4059661
5798702
3470166
4538247
3714665
3787730
4127181
5159722
4025438
4079497
3949372
3580092
4589006
4713468
3416480
3455747
5436545
4452552
4742607
4503834
12658836
8261091
4170001
4693740
4489371
11726984
3856979
6272599
6319319
3366080
6701155
16719474
57159998
28301685
13912440
14730036
8576316
10445881
11340021
10783885
10294162
11331379
8940185
9227968
9007267
9384262
8031257
9139548
7829980
11094090
7947769
9005729
7783397
8865192
8023953
8850823
8520000
9212674
7909022
8912388
10030898
12121347
8279857
10319262
12025504
9001896
8740016
8881929
7621916
9247469
10077323
10047354
13356040
12018247
9593623
9468395
7639717
8773909
7558582
8881864
7537025
12207345
10329909
10094500
8054109
13187678
8571643
9042762
8228852
9140161
9141861
10548570
9320729
10777393
9201841
10142735
10370383
11269595
8448854
9409779
8098198
9858770
8230793
11416886
7455328
13681981
3213273
6226348
2843825
2851115
4357535
2875773
3356432
2708202
4377366
2861342
3004282
2618044
2856820
3058609
2716544
2845238
2921260
5695239
3212991
4359984
3240886
3340491
3273290
2743556
2940443
2827807
2747348
2986559
2756875
3084381
2804941
2917786
2905494
2727076
2833195
2795529
3141594
5112947
2898746
4056943
2712521
2727295
3217500
2822326
2888600
2826390
2879947
2708521
3690556
2619547
2844176
3794150
5899123
3279406
3535187
3645894
3217271
3912101
2702999
4843838
3554937
3258631
2991284
3219966
3249736
7494322
3594072
4538984
7169539
5779615
3920946
3516836
4568689
3042020
3474549
2636379
3008985
2770866
3053130
3325979
3581403
2944871
3048817
2779236
2671276
2891799
2663780
2847107
2844332
2764756
2644869
3038342
2704499
2826773
3460884
5286922
12016658
8303607
5367452
6579689
5091498
4888038
3875608
9380258
4811473
2798794
2709162
3830839
2526232
2755732
2795902
3280067
3057307
4375198
3100004
3399867
4628341
4533260
3902378
4878215
4287357
3378392
2984968
3708574
2698505
2828663
2939325
3196951
2653332
2897315
3045571
4309286
3776359
4909736
3052411
4964099
4509628
2998882
3058031
2987090
4468166
2862316
2804614
2994447
2707767
2796290
3107273
2679518
9150445
2906225
3028347
4582261
3255179
3333815
4846623
3445397
2885426
3223680
4568733
3742151
3563934
3243716
2662486
2782234
3357558
4521686
6995564
4709464
3093285
4324902
3081206
3292451
3485225
3443683
11915139
5276272
5756431
10601883
6498311
5767804
16315347
10112140
14376445
6582895
6491479
5128288
7752180
4813964
4875792
7498279
8967234
12418482
5447430
6778115
7292285
15828565
13537985
6361755
5945744
6935545
5716035
9539982
7378393
15987764
6728756
6542901
5629567
13577583
5586798
7615445
8400637
10355749
11691351
6339043
17088158
5019335
7343094
12237622
5255444
8089731
16188021
7048386
11124822
3175246
4188867
4480785
4093429
87639310
11843040
13096150
16175655
16105175
15356338
8627517
8943491
7717689
10750440
7786749
9566264
7534763
10674295
9491708
11581298
7549380
11300853
8047162
9636805
8797571
11256791
9089670
10164591
9145715
9221293
11149770
9848326
9843589
8856915
8734231
9693867
9344088
11100393
7946069
9710928
8408109
11360169
8869903
10093544
9798147
11784386
13153975
11283795
11849646
9837152
24343867
11059431
12996959
11313648
15002223
14288282
12543317
15705222
14232082
10839806
13087172
14182679
11765314
14771495
14582804
26598249
12264327
12818454
13668939
10753357
9762451
12721909
10712874
11373044
10920865
23367085
33313257
16522575
23098575
9420950
11597249
5822124
7834017
8278119
4177098
5874491
5466012
6684977
6095432
5660214
5363708
4849456
3784871
6722111
6692673
3286100
3455207
3276494
5203312
6209758
3700953
4902434
8028625
6147710
4363487
4017930
4997810
6505188
3542606
5319433
5220467
3262084
22515479
6205745
6494879
7678537
7067977
7929371
10334151
9700897
4294975
3157347
10070534
4559194
4311458
5217652
4492052
4391213
3350132
10767293
5153244
4924908
4911141
5609614
6122938
4256067
8031988
3970761
4438806
8609762
3097309
5009211
9902109
7076996
4478687
6122575
5352679
8069884
6415559
5258112
5254357
5267725
6052090
5311630
3007371
13295601
3803172
3898428
6001171
5879535
4324886
4222275
4768973
4254817
3291172
6761344
4401964
2924159
3111881
3283596
4940144
4041424
5167359
4996042
9248356
3127222
3400372
6442884
5561531
4662627
6516527
4412841
3786226
3635724
4583062
6359544
5000914
5613508
5634887
4951021
9976084
6928545
3951788
3036519
4695601
2547102
4591479
2506901
3385235
4234981
3000912
4198621
2967080
3190769
3614102
3472958
2525346
4313092
4483245
2812322
2818756
2778928
3680394
3089616
3136661
2404601
2542358
2564495
6057534
3332024
3410550
2930576
3120258
4582433
3488958
3542425
3617902
3959242
5181177
3260499
3866129
3688177
4575905
2815592
3852804
3319956
6356298
3061362
4385117
4199581
4147413
3270349
2839127
4139774
6182582
3431154
2917345
3266169
3062415
2780678
2857836
2892282
3069285
2972058
3315573
2695888
4529888
3024659
2837782
2763933
4923662
2628130
3151333
2902781
2792610
3156155
2873275
2801542
2823775
2688360
2873776
3007827
2816615
3604837
4147097
2505770
3580328
2795060
3469529
3550959
2811000
3146791
2623195
3103277
3022300
6547348
4642721
2794395
3743764
4281780
3756084
3639453
3171472
3702550
12521448
10997586
12107623
5369433
4802404
3439569
21008260
63738555
10796756
8777992
8754534
7986800
10687196
10472923
10450850
8558254
9323724
10447593
8846221
8188980
9153662
7807653
8747507
7563166
9535249
7654564
9440468
10586307
11004155
8311472
10346457
8109439
8974921
7945763
9817884
8426452
9254043
7820489
9065689
7927293
9081303
7998386
10172166
9303156
8760790
7848862
9486600
7809033
8811208
7700923
8953607
7944567
9261465
8203506
10929882
7682816
8983259
8908895
10145052
9849543
8766310
7629097
8777639
7759266
8770449
8732664
9000789
8710990
10411874
9802095
11724264
7807549
9716134
11542981
8714918
8667171
10864588
2536246
3462812
4760702
11036181
5334681
8160524
3877373
6024624
8604449
3860083
5244428
3104230
3676139
4224409
2970690
2669308
2994734
2630763
2755106
4009691
3808368
3107297
2596815
2554838
3935190
2266577
2739529
2765224
2791290
4469041
2493663
2824079
2509309
3691860
2374814
2608888
2691193
2633636
2685728
2835835
2600879
2653073
2992830
5548280
2699360
2548329
2912768
2773188
2663268
2934328
2604263
2829794
2880600
3771555
5307599
2530353
2756863
3157130
2608991
2582320
2497776
2587022
4582605
3936069
2881357
3644080
3289987
3205474
4802584
2972263
3308619
4585814
6282070
3653141
3736662
3326749
3790015
4006101
4288044
4144171
2970898
4405026
4729898
2448859
2550103
2941934
2557715
3710210
2447551
4423108
3815130
2804495
2721093
2598958
2767674
3079150
2573998
2851461
2659752
3241606
2580001
2742114
2649512
2619581
2626066
2597404
2743512
2712106
2702190
4001821
2948353
2609025
3890857
2409915
2732678
5473128
2680896
2721546
2501825
3055509
2886117
2588882
3074560
2866942
2991046
4379349
5890624
6764476
6384166
4184063
2847401
5062899
10793581
4081125
12364857
3402508
4611424
4355063
3100537
3887958
4082471
5000455
4639109
2695142
2748520
2553015
3816608
2654826
3577705
2585904
2963411
2700311
3080851
3111553
4552259
2693064
3058142
2417681
2962134
2676981
2936564
2717721
2694383
2786693
2612312
2639980
2612175
2559272
2854974
3683148
3283838
3943160
3240320
2452160
4003052
2723847
2796008
3856095
2410744
3267085
5476507
3974844
3273764
4625019
2963289
2870448
3384273
4130618
3299620
5302367
3912442
5893854
3143016
3545859
3788416
4401387
4770707
4167563
2536662
2746837
2697496
4285774
4865282
2739228
2458974
2916637
2872238
3936602
3008978
3995143
4921293
3175475
3237750
3353291
4056533
3704344
2751059
13294758
49195757
40584451
13854927
17848621
12062069
11165557
9022119
10250491
9079657
11521763
10580996
10051797
8979250
12517578
10267113
10578881
8878466
11614072
8957786
10756725
15016767
14702395
18416497
10238528
9451663
9394463
8101161
8838621
7659953
9295350
7568320
8820314
8197090
10143807
7640142
10023851
9258155
10985496
9723825
9007765
8417706
11915402
16786294
18776095
12573235
14840230
11553881
12433360
11728118
12472894
13113442
12971569
11584057
9483575
8185633
11214518
7928212
9005815
8187663
9672343
12658456
10427744
7742172
8851995
7679844
8813840
7662206
8854106
7849343
8986598
2617905
2839912
2479236
2852339
2697116
3136891
3708504
3779038
3074208
2980465
2867538
2640997
2742630
2684924
2719539
2887336
2625541
2666298
2990653
2886589
3662470
2322642
2693062
2708667
2670719
2734716
3213472
2764734
2826934
2737357
4693907
4844493
3754141
4772428
3628299
4286486
3567717
2966978
8782082
3227481
10752736
3541428
5492678
8640592
5995810
6904858
5246748
5353309
3964858
4255303
2924489
2948938
3333335
3998483
4427074
3421078
4246099
4450830
7641083
3151202
4388056
3281226
2984037
3191793
3190725
4710411
2736684
2957592
2449258
2536457
2608027
3447903
2697361
2631422
2668230
2768370
3974140
2416895
2690825
2609724
2678737
2786691
2731745
2695301
2966254
5250526
3384717
5979590
5041084
4306088
3188189
2935067
3310519
2814091
3011665
3490354
3971826
2965420
5639330
3994317
5645881
9507101
4868114
2964696
2860810
3227330
2745703
7358263
2864721
15300814
5351264
2817613
3011161
2707772
2737685
2682111
2635360
2557038
3738947
3617396
2590883
2866399
2901744
2835338
3526426
2595117
3128828
3112606
3022269
3284762
2500626
2771978
2658107
2457543
4000101
4201497
5252892
4680602
4294224
3229892
2413753
3606966
4833037
3484110
4803280
3263482
2788304
2807153
3329290
5988751
3540990
3530825
5230132
7576263
2822969
3020094
2974892
3094953
2581775
2509286
2573403
3459433
2598006
2757758
2861578
2643670
2652643
2798509
3033739
2568311
2645625
3504242
5336551
3239335
4598082
3157689
4625589
3544170
3780644
8450498
2804392
2822640
2504171
2780116
2791916
2559752
2626556
2625674
2507257
2843544
2550002
2979897
2848643
2596665
2626044
2942140
6010251
7173320
2729624
2933565
6709415
4891971
4358375
3412662
3749953
3960026
3962224
5837771
4720453
5309567
5307037
2733870
4061844
2640313
58131868
11979960
10633631
7977034
9019020
7684347
9018328
7651453
10036663
8302588
10566760
8701031
9415521
7451052
9305264
8029989
8652875
7627735
8713026
7653689
8776931
7687525
9820778
7654745
8772422
7835745
8795383
7773882
9076215
8192451
8965341
8271086
11297359
9363809
10774862
9432776
8865249
7615517
8819059
7553261
8745967
7836685
8851228
7654610
9133494
8679208
8683201
7400176
8631587
7660742
8854982
7734147
9035798
7930445
9060850
8779406
8690701
9181213
9591561
11322719
11804930
7690980
8942610
9207828
10716956
9831189
9560672
10065574
9927778
2624780
2798432
2653707
2866559
2597542
3552438
2992099
3901059
3047035
2704647
3737138
2813377
3237517
2680443
3484443
2799565
2633922
2625604
2749359
2747044
2949196
2921300
3167414
4582428
3294594
2747398
2835945
2764444
6386747
3787583
3483556
2617021
3343220
2696445
3168838
3399639
12138668
18070979
3160644
3501517
5397590
7826297
5082807
4007865
4284030
4585423
3020395
6130517
5420926
3787712
3458824
3452701
5319895
2713660
3025945
3131648
2695165
2562900
2831200
3228398
2661061
2647125
4130931
3677946
2448416
2848033
3065822
2699029
2721304
2718273
2904548
3412782
5802149
3145897
4578923
4111043
3540396
3297362
3114031
2745005
4446788
3371234
5922449
3473147
6605408
5655061
5303186
4716245
3521707
4123440
2799547
3038424
2570610
2525155
3731493
2464171
2900676
4181221
6526997
3997887
8555522
4967789
2314210
2691525
3399556
2756023
4777218
6154556
3098876
3007819
3704071
2567195
2709634
4137809
2590883
3336213
2752635
3094311
2811548
2862601
2605032
2627227
2795381
4528290
3420252
3532055
3016765
3484267
3655869
2801670
2617979
6455436
2479542
2732132
4170319
2663196
2715348
2956882
3224055
4137333
6191813
3047848
4581487
3431942
4117564
3796566
3793213
3313279
2646578
3500462
2650860
2858530
4377363
2377098
2470763
2782328
2627303
7462968
6005571
2985865
4535264
4345646
2865842
4358938
3970645
2785303
3097755
3144169
3135978
4155291
3702070
4070472
4116023
4168571
2789954
3648377
3727006
6632863
5600211
5252452
2892291
3288093
4303118
3927504
3328198
8108514
2476084
2913502
6107008
3997380
6170759
4527510
5380100
5049405
4617710
4076820
3146095
3522662
3306623
3623409
2627558
2641629
2861795
2601175
2718433
2700448
2637532
2616108
2553333
4295764
2472000
2623738
2977696
4245278
2499223
2645234
2501876
2749707
57328030
11463687
8321851
10668061
10471688
11953666
9687414
11442707
8725925
9947268
8831812
11250234
8001344
9097968
9723495
9114327
7559352
8732065
7846660
9008985
9017191
10455679
7702998
10496311
8801340
11507186
10562777
10887791
8164251
9309298
9109544
10767082
12233599
11674649
10219992
11119479
9641319
11866429
9682496
9162785
7671767
8881087
9957211
9816904
16168455
16779846
9919912
10317855
10019532
8901787
7785015
9542385
8959826
8899530
11363241
9282580
9693540
9392897
8596109
10660082
10873652
9396843
10550633
9255089
9653841
11802514
8712007
3065439
2912641
3560415
3624346
5739971
3076598
3231159
2527163
3449279
4180690
2756883
2704728
2726570
2916347
2722651
2469711
2533479
2542681
2828130
3013397
3675746
2321222
2597522
2579876
2608624
2658622
4505919
3200889
2566067
2576612
3580636
2508726
2878306
2395679
2717256
4252999
2960851
2929522
3778746
2621796
4514868
2553803
2679747
2750967
2540029
3680136
2539820
3737386
2856497
2534551
2916693
2966495
2678220
2811705
2665992
2583368
4219046
2730373
5833741
6904318
5055559
2604447
2749510
2759682
3227986
3347541
3162978
4387380
5621070
4658295
5224396
6823006
5626595
5587139
6415400
3544946
6006818
3205361
2988197
3607346
2394515
3773399
2969527
3716298
2820742
2700116
4281026
2898396
2522745
2518700
2708842
3855990
2965358
2840178
2953162
2585149
2647034
2780864
2547385
2642154
2471063
2807887
2670838
2606786
2775185
2979439
2561098
2658560
2660691
2731386
2963061
3105462
2754231
2576601
7917256
10569503
2672115
4199320
2571795
3701048
3061956
4446398
3175544
3476243
3899284
2711123
3190596
6748809
7593497
4452813
3424887
3148044
3573552
3497271
5734774
2397235
2713946
3222770
2578485
2610131
2707666
3251699
4087435
3039293
2537954
3777575
2520178
2798196
2687919
2487374
2606402
2562024
2839556
3021824
2745473
2588933
2748761
2732168
3010233
3928094
3994202
2256553
2656909
2743496
2666557
2655305
2520523
2712946
2591474
2530360
3376520
2569040
2771424
2586549
16442029
5423704
14365355
4075524
10506000
4802072
5288473
15246503
4900757
5162189
7700887
7190759
5048482
7017617
6372000
4372566
5564865
4237987
7131390
4879929
4671514
3245964
6094404
5205220
3228233
4293317
4238813
3985601
2649522
2682445
2442328
2604323
2662705
2759969
2681836
2543906
8595017
6761388
4494581
3010877
2558159
3084384
3013997
5223340
3745058
4676662
3168066
84640676
7460833
8868993
10202187
8826650
8953689
7400619
8750432
7524916
10572300
8333191
10125188
7870800
9632336
8059745
9278563
7553293
8817641
7699228
8869766
7507440
9307848
8782500
15315951
8137195
8916378
7996431
9064073
7850145
9261726
7791104
10181169
9352335
11257929
8883981
9088087
9364232
9687356
7939866
8991075
7761959
8952798
7835439
9052932
8699733
8673078
7469346
8806234
7603663
8696611
7372932
8872760
8043537
10503030
7490207
12357806
10111760
9213044
9403319
12045616
9370826
9100819
8231003
9874872
9652879
11471575
2967114
3849854
3263128
2718841
4043813
2654347
3081496
2671805
2621849
3253366
2915891
2745366
6422664
2739894
2856861
2739207
2838160
2868916
3979121
2332497
2594679
2966708
3159854
2527367
2509231
2763482
2921586
2668031
3847281
2786761
2721942
2738497
2768437
3003206
8875289
3520514
4033470
2779011
3500668
2671363
3012519
2720558
3501106
5859727
4474476
3587113
5019352
4038785
3559296
4852417
2316285
3894633
3633449
2598324
2782310
2463342
2976587
2669553
4767636
2914686
2585658
2747485
3934614
3011001
3000005
3073679
2907583
3702647
2694441
2399799
2709676
2645412
2497419
3071555
2452246
2484037
2732722
2699045
2980922
2847173
2262860
2605610
7878010
3815064
2498933
3751124
2988833
2501163
2537771
2509962
2745376
2529713
2516601
3221389
3047166
3083982
7367847
4017453
3444453
3146511
3113790
2999591
2948016
2835894
3010243
2734446
3999963
2726513
7118509
3514680
3955692
4600420
3772425
3413061
6097083
19622732
4726036
3930981
5134413
3383801
2662588
2502038
3640858
3840072
4895716
7643604
2453595
2507722
2889100
2560717
4485110
3304272
2766489
2683216
2524557
4464764
8296665
3013950
3185411
3099324
3913699
2560006
7037691
7165110
3468979
10969783
6102529
7816538
5758606
4068973
7369130
4072991
12950986
8911119
4551101
4333133
4191407
4503194
3564734
3334746
4483618
3195606
4363379
4214986
3217126
4769458
4624513
3777999
3711140
3193553
3644812
3827927
3862542
3951938
4027880
3792689
3921303
4005059
3313044
3947107
2706125
3150917
3263774
4376664
2937884
3100977
4310094
3417685
3769895
5750220
3639072
6214113
7569663
3606971
5779725
4675221
7809380
4906217
7433251
3077303
3067252
2774474
4180746
2396927
3396248
2378532
4000542
2376307
3902213
2433757
2623422
3342119
3275492
2786260
4967995
4459543
2659978
3277170
3092922
3125116
2541828
2797467
2483802
48978266
18541423
20399171
9652655
10618826
9535281
7389285
8881379
7666606
8605591
7374805
9350696
10390978
8978190
7947198
9969367
9919413
11830651
9453467
8939119
9304430
8946690
9011908
9131506
7887339
12764929
8683435
9151658
8498494
10120055
8401348
10077489
8047871
10468616
10515123
9086177
7653651
8973430
7956929
8968778
9661885
8643909
8086301
10129671
9541121
9283791
8243393
10742421
9716229
12023732
7979691
9610811
9643088
9192793
8177863
12813185
10205613
9594227
9831692
9062786
7844481
8985208
7690413
8879047
7629114
2478843
2873637
2518778
2909972
5216753
3994967
2813228
2587772
2909443
2957027
3045529
3083794
5044708
3824304
2661621
2834376
2841130
3270447
3752171
2685011
3203037
4456793
2590274
3952703
2364343
3428585
2938997
3251037
4281388
6905381
5083780
2723023
2755811
3459568
8599125
4052812
2985353
2523553
2707832
2792068
2610522
2965097
2841429
3665424
2498076
2988764
2706341
2626885
5068308
4087127
3115514
2819264
2736837
2624291
2806361
4348416
2437715
2960133
2843249
2597017
3840333
2398316
2579403
2764256
4545143
4942716
2456155
2633202
2479364
2851639
2615514
4171340
2926853
3299070
3646269
4179820
3336268
5708021
6458737
5880042
3551365
4071355
9098265
3664605
2495746
8519163
6705506
4624814
6841799
4018202
3511471
4136663
4805053
4373878
4836312
2894534
2789837
3768142
4332044
6385242
2535677
3096412
4170386
2352669
4219265
2585594
2724925
2622956
2874982
2573149
2807897
2996105
2742881
3725392
2505057
2754207
6420639
3021136
2564633
4057767
2547844
5534756
3921708
3211720
2803915
4207242
3079081
3469717
10893436
4720611
3585305
2868043
3348538
4543827
2549509
3627626
2367195
2801021
3263475
2630510
2463118
2684075
3130723
2808323
5481783
2848733
3021558
2549994
3089823
3823333
4053036
2616196
3071116
4490714
4238044
2790963
3156090
2487321
3183604
3054045
3366224
2406757
2670953
4527069
2421409
2475291
2743988
3017168
2536673
2907508
2646932
2876114
2495682
4693312
2374364
4074256
3850265
2702791
3866685
2760695
2906080
3137269
3415209
3159404
3972046
7698620
4304737
4011969
2947775
7130509
2751766
6216869
6181827
7723836
11029149
5602822
6835647
3674942
3763434
4010136
5058904
5599365
3717708
4831042
4160560
2950315
2546366
4276512
3767794
2565229
6726834
7366916
4466016
2481326
4602135
3622776
4000109
2773873
2957829
4518752
3169894
7481666
2379636
4426601
96697008
9320410
10303609
8207611
10283824
8882684
9960452
11297634
11637889
10814439
17485346
15647033
10544284
7857803
9270397
8278167
8698365
7380390
8716638
7460630
10288454
9091560
10970687
9921809
8713480
8293602
9692165
8560473
8888727
7721614
9166936
12334087
10665490
8160018
9719725
7711622
8775175
7728746
8827533
7723844
8865718
7821964
9961981
7854579
10287938
10049923
9280693
7921786
11012251
9472462
9853300
9806947
8953947
8970929
9370148
9791890
12256206
7496326
8728119
7962687
9311952
8438196
8594750
9374356
5737227
2681553
3127139
2574656
2774810
3727389
3099931
3300934
2606291
3189513
2913640
3669530
2732019
2629541
2581807
3995686
3938287
3660642
3797431
2944845
2712975
2757574
3524803
2321298
2688714
3719189
3654704
2370567
2768481
3253676
3254810
2431636
4723117
5256108
2944739
2744715
4042796
2683353
3504030
10556719
8003867
4643425
5121532
3093580
4867697
2270698
2978100
2609870
3716944
2460251
2632041
2742982
2719129
2539673
2698048
4072326
2586429
2484194
2604458
2890921
7010771
7368049
4465048
7769614
3139812
5195827
5011610
3700271
6975728
3361828
4987270
3619566
3938023
3384918
5467817
3097755
10572084
3725341
3513760
2703197
3355421
4489054
2706035
4911385
2681916
5291487
3434527
3712736
3677759
4569632
3036569
4359043
4044522
3713094
3571765
3948794
4534769
3289127
2628254
4739023
5233405
3720246
4136049
3932493
2492835
7061057
6077845
2500475
3405990
2817267
3164038
2694103
3422636
2873005
2560322
2637130
4193480
2497969
3124890
3121707
2855326
2505959
2656641
7195126
2774613
2863660
3012964
2925192
2798207
3518852
5186746
3230445
4527929
2450948
2867591
2556254
7127337
2768381
4244453
3105086
4289585
5331463
4487309
2634078
2998571
5365482
14407784
5751804
3837863
4002113
14972123
9144944
4240823
3894903
7305245
3100062
3512388
3883647
3630136
3425049
3096194
3100589
5458122
3210746
3692071
3456240
4695657
5343326
3175926
8366743
4189643
5375382
3410941
4836870
3357318
3168196
3336401
3811362
4409411
5277349
7182749
3310769
3281313
3223025
5129455
3164022
2917423
3372772
3585780
3977204
3305415
4304641
3340597
7404594
2595673
3157914
3617165
2557834
2650693
2535355
2672413
2613055
2480131
5814583
2783313
2655010
2705813
15083853
5914505
3838497
3331287
3920544
2823761
4349806
3524408
9188353
5255125
6164311
4814248
4142329
6508542
6354634
4538986
6269226
3138536
6839150
74881072
10956937
13655026
7921595
9432770
8599215
9700438
7793669
8761799
8459158
9219869
7743397
8936464
9268051
11115989
7953109
8896811
7440762
8927862
7760971
9047471
7548955
8818374
7665080
11201613
8902128
9488985
8144440
10996092
7542791
9604509
9453325
9219193
7833080
9158421
8879638
10160419
12374968
9718270
8078683
10025690
8210728
8980683
7883001
9860664
7844939
10289759
8983022
9446233
7733367
8841104
9028072
8896414
8082478
9136373
7678556
8864746
8645565
10045630
9898430
9379753
7900202
2663311
3670430
2818383
2655431
3988232
3135380
2765876
2592294
2706518
2697335
4139457
2822075
2509638
2810272
2368620
2443398
3428808
2559533
2705445
2585184
2845968
2897237
3016944
3024469
2711562
5852984
4188809
2520226
3090858
2988396
3647827
2311330
2717724
3784130
2690500
3422794
2859949
3378373
3333102
2667479
2546814
4602523
2968902
4275749
3401436
3045353
2835243
4277259
3257357
5003244
2607899
2921205
5230266
2546429
2574172
2636639
7334361
2352503
2661531
3838703
2892718
2472935
2377831
3585529
3596558
3694044
3093223
2480483
2689327
3954914
2519742
3233079
2407321
2846781
2599373
2610996
2616443
2486520
2492635
2643903
4023909
2886910
3353036
7208600
2996600
5228043
8116710
3466737
5099396
5578047
3216692
3745638
4592914
3457119
3018170
6993907
4088203
3068017
3121115
3464275
4947998
3533130
3470741
4356970
3584941
2566288
2961881
3073263
3056281
2562933
2571476
2473172
2788352
8084251
5624245
2774593
2694918
2996296
4513246
2382042
3693547
3984559
4195249
2484464
2890237
2519593
2605928
2631041
3135422
2914934
2709159
2612771
3002070
2459917
2992438
2562840
2600557
3275187
2732721
2567066
3326440
2996761
3665497
7819050
4987510
3996104
3915079
5637728
3666215
4232580
3012814
3633195
3035501
4781790
7141867
2469649
4222312
4314082
4816906
2805017
3032414
3094030
3428928
3466484
2527353
2988036
3128256
5499388
2323314
3743939
4003735
2975266
2972481
3674135
2495684
2630518
3357737
2398221
6099230
2527834
2631303
2882720
2678972
3420682
4348341
4822838
3154544
3335134
3062140
3154878
4069957
3327626
2874891
10751571
3074305
3523723
7575367
6157324
16325676
3142758
4160554
2872013
5318891
3294610
3924353
5584128
3192153
3008084
3838624
3966868
5024852
3809947
7083485
3528083
4570023
5660851
4329986
9851580
4444637
7973513
5942823
3499926
3631312
5622477
3135313
3484846
5018040
4382243
80076117
13511595
12522709
8561175
10475254
12267315
10476947
18193165
14954088
9675808
9596289
8286626
11232245
8936861
11070089
8805169
11364675
8501880
10062633
10238303
12292879
11444474
11802653
9636319
10214941
10092186
9889129
8973666
10006016
9552693
10075497
8502910
9519385
12009306
12033370
11224414
16052220
10186464
11476650
10404421
11143937
8839487
12281654
8654254
13443409
8964953
10200353
8882400
10056146
9663841
9917440
8285166
10296830
9621951
10189630
10026519
10040401
9273167
9085068
10278182
13613763
3923520
6712762
7976648
4079849
3430094
3691398
5137970
6510550
4738940
3946024
4578508
3682024
13117045
9522955
4123682
4715250
10190327
6511168
4080341
6650005
5562604
7576302
7392944
7176237
5065932
7336393
10874695
6308445
6276981
7091932
15320049
6255756
10608207
5789094
9217259
6475940
10266584
3754873
2883269
3824445
3325049
6582399
3353178
3247168
6564278
5869121
5366741
4969221
5244138
6865451
4558213
7577809
6807605
6274544
8794014
7075591
5099019
7864028
5718350
4504475
7393532
7562574
4576156
5676629
9613018
6738008
4742485
4213307
3437842
4171861
9960467
4591979
8136269
6096222
7427740
6153233
6192706
10713238
4075448
8924945
7607044
7927525
7219920
5626303
4658907
8197715
10913920
4485552
5864262
10338349
4511286
6521308
4277992
6211124
5053731
4946698
3201547
7578085
4910209
5864173
5133501
11356685
9418428
5277163
8822440
3350716
13276102
3146665
5183537
5170084
4014972
14885521
5415367
3618128
8648139
5711951
12788531
3952727
3513895
4146279
4307996
7281038
4521027
4964126
4221263
3080424
4453720
4713315
3868998
4505323
4815258
3865239
12117064
3227093
8236627
5438121
4627122
5076919
4563225
4321252
3707864
3221429
5634841
3122594
4808696
3785402
2953632
3152603
4025217
2547583
3452568
4796670
2970123
4128391
3154726
3085665
7838365
3215759
7673001
7048964
5533603
4543668
5194629
3101952
3012570
5365550
3279953
3137127
5172257
2839937
4885345
3338893
3725053
5771316
5309860
6648105
3940318
3377029
2996978
10406950
4636517
7280793
4573751
7886856
5068380
3303072
3834280
2975813
3784053
3500260
3707530
3405318
3497894
4579422
3407175
3522791
4486489
3279089
5550017
4065520
3516184
3813659
4035660
3993405
6425478
4542192
5563844
5924918
3756012
3250441
4457518
3154082
3403614
3477615
3765436
5216514
13438014
9349951
8279976
9357178
3258731
7005051
13145734
5760407
13963995
3208268
3514267
3788449
5250146
2926605
45708529
17507056
10378992
9801822
8894290
9263491
9030744
7863414
9891910
16043649
9337761
8989435
9229844
7578246
8749268
7693522
8737238
7665320
8775460
7662669
8807483
7611299
10355059
9550193
9394044
8798732
9263797
10156864
9095941
8019529
9473364
9490884
9208769
7512132
9937695
7640130
8910023
8105129
8857161
9252969
8745628
8549631
8942449
7709467
8687997
7794586
13954218
9323708
8993836
9454065
9326013
9218307
9943063
9727102
11985763
7956384
11429791
7962339
8720841
3674649
2564405
3320527
2917911
3279442
3194679
2486093
2638258
2670454
3366436
2724424
2870086
2640497
2535189
2747760
2454834
2697601
2772217
2408075
2691529
4281098
2425340
2594721
2618337
2517135
2523685
2576349
6738234
5688881
2742359
2766136
2962643
2709232
2676786
2439764
2667871
2907477
4075626
2490020
3687034
3311857
4317744
3136491
5198054
2348191
2514958
3890163
2881627
2552274
4827093
7250428
8260809
3869238
10829956
5877646
3443239
3802213
5019875
4605029
5519119
3624628
2928092
2746749
2927501
3903179
3794674
2774724
2869191
2806184
2985174
3314971
3424473
3663146
2519063
4763516
2560065
4514371
2768072
3245345
8159489
6925226
2828930
3100273
2878554
7325716
10646730
4306765
7787690
5169776
2779329
5605490
4577667
3163857
4956155
3535386
4789118
4424614
6972716
10106003
4872802
3168376
8077212
2996471
4611045
3883406
3920763
3935346
2891058
4002117
5028830
3720127
3912451
2820090
3009955
3208177
2895527
3791024
2677535
2749836
2974484
2585011
2830507
2872556
4845655
3115255
6353936
8353806
3426620
3116738
4717494
3475475
3538675
3928421
2785365
2752624
2433051
2810262
2754042
2556677
2874446
2943416
7340210
6649123
2425139
2472110
5822393
3333305
3124684
2726889
2773852
4017318
4092996
4994414
2947636
4858943
5270916
4110922
3394150
3569317
2708366
4086232
2577330
2551428
2878290
2758898
2536819
2608264
2725894
2642505
2786143
4159666
2780770
2881904
2670560
2593363
2891389
3777605
2468944
2581312
2516615
2742259
3035162
3080352
3716314
4801507
3020596
2779993
2821969
3318172
2560380
2596719
2934000
6783650
4067914
2833157
3601795
2705109
2402709
4512962
2378866
2603142
2488312
4345556
2277898
2873645
3658537
2538112
4674215
3158652
2781299
3480886
2502148
3905624
3051483
4351900
7294034
4178847
2531912
8639128
4082267
6619437
4000597
2662360
2891446
2593546
2563214
2839827
3736248
2730127
2370949
2894236
2692509
3101365
39056395
10368538
24685934
7773629
9656395
8501353
9589474
10322373
11860095
10105734
8677144
7754146
8777679
7561603
9105594
7522534
9042095
7699142
9052440
7614863
8547142
8913322
11007535
7518203
9136371
8673420
9190762
8623636
9201372
8138644
10902231
8302637
10310509
10373791
9571451
9338786
11171599
9619166
10033520
11421417
9440517
7850387
11077522
12075940
9861687
8647121
10464432
9238838
9394892
8096415
13678842
9877609
11321296
7652255
8641471
7743004
8810695
2574332
2726581
2841245
2707402
5057439
3293356
2689475
2818458
2760654
4477921
3057868
2628413
2709841
2698247
2758793
2764679
2909187
2568225
2877879
4174519
4060118
2235823
3257699
6725545
4499121
3388548
2495093
2510178
2658897
6068687
2957270
2938294
2910883
3077444
2593616
2425147
3157469
3338801
2650709
2672646
4862259
3823686
3963551
4150228
3148755
2625621
3020386
4193757
6506317
5254972
4590574
3289894
3654508
4908572
3775251
2322011
5303446
3670225
2391496
2712476
2543676
2810572
2424487
2539359
2607150
3201989
2807177
2430521
2702623
2778549
2996145
2623315
2932681
2719469
2767533
4044992
5256087
3396065
5238788
4384293
6468342
3679496
4370205
3285197
6211108
4489554
3043950
2680642
2764022
2605723
8690470
2823116
5006864
2359911
2663830
2751959
3538577
2827734
3666948
2601111
2609043
4702921
2774777
3252047
2681901
7197118
5198156
5040830
11155020
4968373
4002159
7999367
2868713
6790391
2995547
4095700
3672831
3161659
4896285
3536426
4904131
2619286
2581000
3030781
3245579
3010766
2764282
2527247
3931214
3308329
4750243
4807581
3110869
4681273
2590478
2710338
2965266
4931005
2787991
2617946
5055092
3294847
2519392
3334817
2884411
2512832
3658485
2934457
2507030
2403604
3003247
2928773
4233850
2760644
3083493
4705683
2534858
3802998
7975528
3439580
2901009
4011311
3498379
3526226
3991721
3886857
2563516
4782149
5067807
6942401
3336468
3901322
3720654
7659228
3495473
4256997
2630917
2519161
3274560
4153404
2946281
2983718
2590613
5028450
2638410
9786964
8358256
7809659
5051138
3398179
2900278
3567039
2830076
2681357
2694900
3273009
2886582
2710175
3562329
3115130
2775975
2792358
2431554
3327560
3867383
5048608
4024868
3442607
3961846
6113344
4826677
3163811
3239053
3819702
3642196
2735466
4141733
3096720
2521951
2495463
3667708
2245650
3841169
2287304
2647888
3851419
2264720
2571400
2686308
2757791
3042326
2737573
3600348
2333986
2677416
49295581
17855860
13308698
10343153
9538919
9710903
8481261
17573873
7964945
8954868
7837421
9151526
7814917
9043326
7987952
9242805
8185334
9408809
9059482
8791822
7817957
10657695
8344600
9027643
7770608
9394488
8439786
10624032
8269756
10218506
7515780
8704051
7675555
8947420
8062608
9045804
7958938
8810538
7657675
8635100
7671424
10123488
7861254
8878034
8319780
10540561
7948557
9295779
7730348
9376461
8946022
11925358
8555268
10029614
8264403
8858382
2559215
3062274
3030380
2720539
2845268
3386733
2941192
2656922
2824413
2750010
3592123
4834140
3219037
2559383
2505635
3294550
2400542
2756983
3580598
2502663
3049030
3834722
2677165
3313428
2635203
2468634
3020233
2710793
7843411
2813775
2705576
2747004
2862116
3181743
2647652
2640838
3668872
4019784
5173647
2794831
3155248
3234566
2662774
4357955
2407675
3415565
2886050
3866838
3021703
3148113
3970727
2664064
3037721
5440341
3026026
7848200
6286871
3100678
3095443
2996748
2697826
2706813
2734978
3772791
2482525
2703362
4029522
3829414
2411406
3071027
2547708
2832183
2816925
2667943
2762041
2614703
2598429
3081712
2723889
2923009
2602327
2573512
2877545
2716748
5206789
3757416
2275657
2802111
2820919
2548269
2714487
2607395
2594985
3943061
2721629
2424414
2773208
2619898
2944833
2925310
6408931
3373383
2911162
2945510
2514341
2925957
9505412
7019135
2970380
3171848
2726527
2459615
5148691
10751030
2765131
6267128
7999302
3366984
3509794
4629628
2850462
2546734
2703298
2644720
2517949
2849341
2436859
2671298
2513854
2533376
2751878
3273869
2608378
2525654
3300571
2989528
3159851
4310419
3519099
3127742
2880554
5508862
3065166
2539412
2599328
2821355
2573621
2567299
2552079
3155780
2344663
2849759
3806521
2731572
2433772
2479201
2461171
3036658
3194436
4090087
3318800
3585042
3047409
2856534
4131043
4183183
2544562
12765344
13203658
12044993
5049407
3638757
11753008
11841954
6086585
10810340
5466774
6317531
6833314
5299742
3978169
8024621
7899805
3826786
5930579
4032895
7786758
3954628
5444647
3799666
11207596
6263362
10839829
6005261
5329381
5337362
10411196
8725477
5648458
10830386
2988110
6843730
2892287
5943470
6824770
10702329
5954071
4589984
4082012
3676019
4190968
3831052
5037628
3567891
4587813
9971795
6408476
5939889
5439504
3477366
4279164
5138171
9036212
5024113
4109225
4937008
4731228
4872520
5309955
4873217
6620441
5848748
14879830
7310268
5113752
4930671
5166819
12279499
4755898
59325630
15174240
10373320
12359299
8185502
14258846
9039977
12114039
12069024
13053068
9193166
11973291
8296299
10253558
7945140
8983751
8157415
10589473
10380760
9606893
11365700
10004582
8662991
9501525
8969766
14203380
10515585
12350605
9419102
10488400
10084815
9854323
7953485
9292564
9396722
9857432
10040587
12102967
9141108
13359836
10163520
11332475
9438181
10312925
15334756
10599573
9430208
13447613
13027817
11682839
8657955
10879224
8576847
12151895
3627771
4155390
3796063
7742925
3455540
4500659
6078075
6965982
3165685
5526803
6739306
3667644
6183082
4105963
4360878
2505803
3832534
2811669
3412939
3008304
4451812
3072200
3818297
9480841
6123248
5060174
8981850
3294976
4079375
5053225
3738665
4489560
3727771
5161940
8584528
2840922
5153678
3316700
4423283
4094811
4186356
3171766
3546576
3611299
3468751
3551007
3419667
3479547
2891912
4633420
4876091
4162770
6484220
3557998
3616965
3466920
4403459
4655962
4086336
3789414
3508901
4389126
3915301
4018780
4862384
3793685
7211719
2532269
3010139
3489486
3674015
11536596
8114486
3079047
3770094
3467408
3660609
3416772
7292632
7041887
5894987
9302715
9504435
13929583
3469848
5042427
2940672
4475821
2915897
3383670
3684112
4658812
4329839
3177655
3979029
3680605
3418907
3981996
3828084
2996990
3932569
3049346
2508844
2545723
3815506
2431789
2507472
5235528
2333968
2690273
2563979
2580787
2633623
2459682
3593867
2495149
2879155
2621600
3746822
2768409
2747921
4437179
3048804
2405397
2805772
5818973
2650994
3228239
3230506
6729263
5002008
6081584
4447432
7336736
3447394
4940272
8721615
4081447
5977425
3074356
2774405
3494595
3606882
2626541
2867268
2439206
2604077
3763473
2852704
2635520
2733961
3906021
2822667
7094890
3962829
2834163
3950374
2714039
2425144
2468816
2690051
2450667
4142179
3663634
2645421
2364360
2465959
2590367
4680067
2689780
2657701
2600399
2720132
2678896
2900956
4548725
2512278
3367976
2826547
4486175
2480420
2679798
6003745
4070676
3256323
4006128
3928734
3168357
2820413
5314839
5710189
4459137
5492856
7905671
5841672
7196688
2644920
4368322
3927664
4568971
2877716
4294091
3422251
4010318
4369691
2476082
2998616
6067822
4602503
4150424
3260034
3273238
5985867
3045420
2673288
4028913
2705656
2722210
3335379
2910202
3334815
4089826
3874109
3189237
3475257
4594532
5909821
3285030
2681417
4192281
4216866
4188247
4497373
4751989
3180603
4923504
6275493
5379763
22968734
31819513
12666342
16045335
9403401
10653584
10104225
16157594
12417096
12747300
11612761
13859116
11239249
7897463
8611515
7435306
8930506
7958459
12369990
7952909
8839150
8101657
8693834
8657663
9452410
8060752
8653917
10837678
9988685
9005293
10629890
8925854
10427979
8702013
9495815
8852208
9001369
7715987
9014252
7905828
9116328
7681070
9084550
7670398
8612915
8047803
9721192
7837574
8668123
7408732
8941330
7516431
8993160
7642679
2893888
2610347
5160224
6782206
2534549
2832847
2764165
3233103
3018285
6615568
2967488
3800480
4082679
2577807
3159843
2921194
2838429
2643544
3753179
2299353
2593682
2805111
2499185
2558209
3186212
2454114
2900519
2908916
3652970
2586848
2992983
2564336
2713629
2675972
2780776
3159184
3797065
2847127
3152304
2470943
2915216
2774160
3071057
2616498
3730119
2903550
3003159
2535550
4218763
2542386
2629139
2459117
2540686
3032543
2425513
2546856
2443671
2575152
2600641
2432737
2632408
3109146
3152434
2650416
2788008
3016094
2645915
2648303
2855873
3633673
2914619
8402326
2769933
2742139
3439512
2663714
2908285
14410466
4520068
2617878
3884891
4191862
3558935
4213085
9231893
3391313
5924472
5056585
5721486
8089053
3580293
3132198
2799711
3110727
4633357
2889241
3177131
3306419
7516803
6008848
4997033
4104161
4859884
3692341
5140184
8691230
3327929
4945004
2780183
3363576
3746857
2834794
3381851
4156618
4144133
3986901
3876736
3062836
6892289
3505986
4790285
5628805
5135426
3249171
3415104
3295884
3278568
3219142
3254771
4564550
2816670
4176536
2400991
3845134
3187602
2452661
5962337
2923505
2880681
2616381
6096217
2380367
2579566
2400395
2837059
2478271
2627251
3904527
2457638
2974649
3564402
3465544
4149121
3771692
2497590
2603597
2447155
2522662
2642941
2858794
3205968
2497353
5080414
3441654
2401576
2593166
2575252
2734040
2920385
6084429
4014133
7891547
3637654
3768035
4665889
3243119
6053161
2767593
4356462
5388911
3251618
4116392
3351707
5641469
4115293
3523672
3456220
3012282
4749326
2457862
6349166
4352429
2527310
3116701
2391941
2749563
2807053
3715769
3179706
2467231
2690999
2366191
2914675
2825142
2695737
2600564
2638365
2656915
3007655
3760226
2523216
2653382
2439961
2655952
2873058
5141281
4658663
3321187
6061625
3497368
4084946
4482319
3572026
3387721
3752880
7565309
3400888
3092704
4268547
6745252
12754665
7245125
3852913
7209648
5954220
5184233
4316842
4832931
8939920
3274169
99987636
9089139
9344834
8029607
9219368
12219958
14455074
8786447
9429373
7906741
9032189
7862412
8940502
7931455
9071005
8040115
9198696
8285799
9906969
7981567
9260663
8081654
9079688
8020885
8793278
7613946
9024057
8827212
10797995
9624734
12259315
10308423
8991572
8285666
9483555
8574997
9357096
8654535
8960572
8797241
10031532
8111390
10331405
8045052
11923617
7811423
9776500
10116488
10239123
10107987
11515949
7809405
2875281
3531678
3662570
3798197
7277418
2881310
3070485
5641517
3386152
2485159
3683800
2436048
2485688
2390031
2484979
2397494
2493533
2660835
2501433
2567915
2528584
2587547
2496181
2411320
6503526
2778055
2602949
5522442
3987995
4287835
2319057
2439741
3626067
2133591
2745236
4095546
3043146
3770535
3614696
2882818
2734873
2510879
2944803
2523656
2665350
2839735
2504544
2615026
2512033
2734695
2816925
2534648
3506961
2406502
2749666
3024778
4157291
3706783
5724382
6421470
4109690
3050439
4898801
7653033
6029978
11703825
6693054
5383373
7991489
4048770
4513544
6184605
6164021
6730932
5789308
3539164
10815875
5101007
4968881
2929934
5556692
3554430
2976761
4784052
4081953
2641507
2805253
2446037
4192450
2350816
3749145
2466527
2961420
2438066
3852684
2321193
2783999
2856976
3646988
4605442
5884569
4094158
3579619
3935822
4897137
3461432
2640749
2989216
3366120
3084166
2773247
2718338
2747199
3044059
3079812
3296972
6528482
6008444
3196317
2937680
4240309
3281752
4700141
2492139
2518598
2868465
3120588
2506257
4009638
2532984
2649853
4303450
3637947
2361053
2803326
3101741
2432212
2906697
2618590
2489665
2871388
2677404
2771891
2366667
2473710
3063063
4407263
2897284
2529071
2777282
2390881
2629330
2426010
2583214
2494896
2533511
2698954
2420691
2493929
3348233
2594277
2668884
2992455
2767369
4137131
2754496
3100713
9504388
3767792
4184085
3094571
2506405
2833779
4534060
2680423
3020541
2493327
2973995
3753924
4013298
3433200
5684038
3784923
4835331
3288476
2931240
4600209
4769916
3960895
10423070
17329347
4918702
3710781
4067846
4098258
4794808
5196518
5683406
3548538
3700396
3227369
4476068
3774082
4554070
3138954
3307331
2938370
3445636
3533424
3620529
9332362
15838172
5521497
4294888
3896409
9751314
6350172
4012191
4654703
11293215
4458180
4595208
3901511
8001112
4223981
5029113
3995161
5546090
4564184
4240512
3966145
3224977
3551897
3103199
3840629
4902798
3717575
2974189
3900605
3289653
3097055
12857055
95489825
7688321
8666714
7528431
8799383
7759953
8954627
8273162
9450227
7455675
8778076
7748752
8670309
7613324
8761787
7668685
8592284
7599579
8745118
8270126
9072950
7614960
8714553
7716106
8742326
9485932
10943388
9956112
8908064
10467835
10609779
8000695
8713214
8120939
8672740
7868737
8802545
7919283
9892190
7741077
8700774
7623187
9771363
8046527
8928305
7688098
8927992
7525133
8895086
9724076
11096878
2780031
3332640
2529664
2647318
3909757
4261988
3547273
4297747
2723652
5776120
3365353
2699088
2318348
2838099
5886086
2137533
2497182
5068738
3568670
6550998
6042069
2371556
9358810
2872683
5087836
4175116
3511340
6896934
5093546
4663568
5209385
5157543
5124013
4109647
4077381
4130496
4312619
5024850
6071399
3544627
5782146
5365640
8069762
3854659
6969070
9112110
5542166
5871911
4812767
3197660
5156187
4223782
10394183
4859307
3586151
4459555
9206995
6016600
3699608
3700458
4753119
3067504
4532902
4125124
3431134
3004994
3574297
8798891
3554893
4136244
6733197
4872596
5986711
4180588
2711215
2726470
2422362
2599085
2805381
2745231
2403546
2409068
3973371
2763992
2469406
2507853
2942947
2898593
6731629
4785118
6729733
3365440
3509303
3576235
2782207
4206679
2832337
6075503
4417381
3408740
4550316
2788407
2428786
3671253
2747069
2927175
2449450
2531229
2572517
3724038
2572960
2701853
4393101
2754339
2847582
2909859
2677982
4342242
2327219
2441925
3289318
3111250
4294809
2604801
4363394
2494668
3975926
2883077
2774435
2562816
3217611
4882928
3071320
2560232
2916226
2654383
2911935
2304263
2547199
2583717
2386410
2656468
2553019
2920855
2505508
2442084
2960191
2318255
2860037
3181444
2482453
2856773
2964558
3670372
4476732
3164795
4225836
2912270
4034601
2924994
3344405
2707454
3181135
6486573
4091721
2900069
3117601
3171879
4347648
2772985
4074320
2254073
3937133
13614492
2508419
2770462
2986825
5331566
2199509
2515916
2371370
4223208
2217539
3296243
2353653
2837013
2634479
2418367
3705396
2469168
2705288
2726088
3206520
5640227
4688947
2827835
2928875
2537118
2816444
2823873
2438858
2444661
2971538
2501535
3284568
2542433
2585667
2625391
2423698
3351102
2651265
3312409
2747797
2940331
2998344
8978794
7142958
6439882
2717606
3105314
2612161
8356675
2831049
6113299
2740733
4254053
4038184
2660137
2594558
2809870
2640023
2619500
2555567
2563970
4231423
2593977
4491899
4599778
3350238
3097307
3772596
2520321
2454441
8652742
37786635
13440188
11722619
12278210
11272629
9082199
8052764
8748431
7616329
10020204
9954226
10782655
7849715
9257356
10065685
9505440
7965283
9240422
8519057
11259998
8587430
8816918
7621583
9440936
7618146
8883970
8521355
10093171
7668975
9225203
7585831
10324648
9007118
9725513
8779348
9378905
9289996
9161558
10112156
9142445
8890107
9499856
9847206
9525174
9428503
9666617
8805619
8290899
10253530
8328800
2641969
2535552
2932624
2230814
2669856
3511589
2982180
2577431
2440963
2618330
3549939
5180430
2452968
2599120
3045161
6073907
5471720
2863844
2628575
2507809
4072408
2447305
2579589
2423084
3351640
3744582
2234178
2626002
3531443
2589332
3079617
2395280
2855558
2959400
5372993
3324104
3754117
12108320
3733497
7173509
2834704
2374713
2481348
4174496
2383826
4099619
2472545
2781586
5152965
2993058
3575805
3472303
4871094
2777832
6494071
4343209
16080256
4596286
7242422
4285231
9398899
2916352
3483310
6347668
4696383
2543314
4320920
4183015
3501386
6637254
3702089
5501584
4159873
2295021
3784454
4164678
2886190
4336939
2849059
3833900
3126552
4473039
2436382
3667240
3524726
5933992
3913936
5326291
7140126
2656962
3149837
2912747
3218611
3857378
2354028
3826216
2400218
3021753
3071154
4115011
6457200
5439176
5006004
2964106
4073439
3706376
5900484
3078843
4133344
4019750
5847656
4965800
5378786
8420689
3437764
2880531
3334735
5030555
3905868
2447611
2651491
2851104
2942627
3078141
2328929
2522046
3021101
3151659
2478752
2431191
5125994
2302029
2739651
2400138
4875610
2445080
2471900
3053346
3219446
7044757
4390752
2756954
2500043
3600520
2475399
2812779
2919620
2678444
2448161
2578500
4137784
2285005
2480355
2502808
2971628
2517106
2945522
2941557
2689947
3368728
3712889
2757834
2659291
3700643
3913475
5989882
3294936
3956717
3027455
3224152
9670101
5458927
2878281
2723250
2507421
12574328
5360867
3825496
2428174
2624604
2631815
4599689
2310355
2720597
2693283
3743893
2443423
2501406
2661840
4210418
4100137
3306088
3161043
2805949
2840107
2526593
2724417
5632513
3285168
4168922
2385260
2619306
2350907
3136262
2722969
2936807
2419137
2555500
2560292
2344005
2414898
2494705
2891750
2431507
2941454
2934728
4659231
2886951
2911503
3129453
2577166
3932375
3617776
3183489
4404624
3840002
5277812
3877489
2575017
6406926
2468011
2917816
3957149
2612320
3958639
3391783
3077307
3075239
3371711
2695814
5313104
4200749
3471419
5811371
2655446
41687321
23281681
10402269
7991045
9231700
9284175
11442324
10363218
8634259
7786011
10719358
7643210
11710088
7989076
8989337
8744110
9142282
7754854
11714195
11313846
9003138
10219532
10879652
9861288
10489244
8954089
11877888
10488887
10192146
8668767
8951951
8544172
9147704
8931605
8957481
8810027
9183391
8619778
9294313
8116748
9815845
8150964
11367257
9192275
8718859
7810225
10080372
8005703
9699168
2456464
3333248
2670307
2619438
2743984
4055192
3323462
6385367
4408749
3724068
2578485
2460722
2858411
3513866
2936744
2473817
3059883
6152169
8597554
6788663
3218619
4313172
3101316
4601103
3652364
3765716
2940374
3990108
4332093
2656726
3843392
3555868
3622213
2710240
5550526
3341710
2394534
3349995
2937107
5047896
2174767
3129038
4519259
3626575
3662163
2687073
3998593
2292168
3068872
3873430
2249005
3720653
2450634
3052737
2821093
4542829
2376945
3375453
2954339
4438978
4619504
4636038
4506132
2579347
2773199
3058838
2849102
5683880
2864156
3754226
9428730
8566100
4981687
3504694
4784492
4304167
3378020
2661496
2649640
2607417
3907829
2616311
2735964
2879354
4002442
2575868
3667749
2880269
2824387
2396772
2533866
5263261
2539080
3743556
6111704
3494505
2907615
4971761
4984139
8448202
4594521
2395196
2501792
3395941
2510297
3163499
4042474
2472580
4020902
3041608
2543728
3923578
4533586
3242592
5118102
4804951
3192730
3125712
5332079
2828372
7214877
2475943
2555319
2620207
3954485
4095091
11263453
2534785
3759754
4896829
4431441
2304988
2983421
3019279
3074882
2599210
3682206
2465166
2429934
2603969
4137458
2555219
2808197
3235988
4386434
2472966
2463803
2470542
6955414
5151181
5052748
2292933
2639425
5359937
3372190
2473173
3685302
2239616
2520965
2624520
2501413
3497348
2183722
2468700
7256360
3289504
3987181
2850156
2969624
3955897
6143163
7067097
2843730
2772906
2791679
2625146
6728457
3607445
2912366
3054286
3934949
3124412
6501961
2708760
2805405
2474198
2747246
3350517
2499048
3304959
2538763
3013491
4582384
2314957
2835426
3143575
2919922
3639102
6551581
3027585
2650129
2833463
4346469
2394282
2525252
3081716
3183795
3689779
4589828
3948705
2113086
2511254
2496478
3845550
2738360
2736330
2409574
2765887
2850993
3875030
2394453
2717356
5212898
11289509
10004003
7382206
8300764
3660524
3045512
3978570
5491355
2711041
2439715
2894644
5340411
2574871
9557255
4472910
3789499
3387136
2472117
2558448
2476341
4058954
2524350
2607639
7994432
13885653
13780863
24041915
15868425
9223932
8268820
11632292
10540032
10378348
7826000
9558153
12067869
9991151
8775649
9318272
8002222
9569698
8532085
9339794
8108623
9923498
8376652
11228158
8105879
9007799
7640932
8887121
7921305
9803700
7726706
8795957
7600397
8930719
9765277
9373448
8067534
11357707
7878754
10173938
7957323
10260921
8958778
9234560
8185630
10292637
8245324
11807963
7520867
9057745
2234828
2637616
2927931
2882491
5182041
4209379
2704669
3145990
5106275
2996447
2535475
2598801
3737867
2154624
2926337
3732624
2128245
2587023
2473337
2991073
3183540
3058878
2519360
2348315
4225956
3831065
3058458
3901839
4504827
9946345
3882447
2373827
2840013
2938931
2434084
3002875
2806281
2950551
2919033
2610592
9960269
8621330
3245142
11395288
8618098
5120894
8518761
5755042
4033166
5688631
4073512
3992380
8397271
6033440
6832969
4764975
6523528
6492182
10566718
8638988
10852304
6651653
7895757
3274948
7015702
7136863
7975178
6137952
7502996
6115164
3403007
2968204
5309587
2778734
4619775
6231850
4196975
5364025
3092438
6209136
4238947
2782652
3834440
3681501
2204323
4292385
5174748
4441179
4008478
3727273
4277726
3540126
6584657
2923697
6091363
10050685
2809264
5120988
4173052
4699029
8583770
4120442
3923793
4037803
3045128
2956435
4801415
6338011
3514952
3977409
3486233
3228622
3252537
3688380
3305275
3408002
5030425
2851035
2912117
6623889
3390112
2847384
4306878
2914927
13390714
3928080
3877583
6354500
2977762
3334273
4633582
2800639
3491806
5376308
3639176
11089726
3114119
8062512
6521810
4938114
7220927
7236292
5483254
6347823
3027902
4802451
2731462
6473016
2418481
3367609
5199712
21977525
2957277
5299763
3506058
4587594
9145440
3913050
3017027
4706721
3586464
3967250
7883021
4266347
5793543
3249650
9189731
8093218
3918409
11121406
8863141
7889120
3491684
7364043
5170585
3667539
3988260
4141538
4676845
6062733
4684034
2867849
3441974
3840973
3141565
3175005
4382416
3110362
5780894
3104593
6464408
3831371
4943076
2902593
4394388
2953716
3125076
3116384
3825087
3649252
3149248
6254927
3699710
4876700
7460294
4867619
5003230
4617831
5314645
4750586
2890913
3565047
4298048
3161779
7448695
9199023
2915826
5671639
5953870
7029851
4036845
7686224
4136723
9265276
7175274
4532640
4254241
6606559
3864274
6863379
5058673
3174791
4746758
3627954
9882475
3851879
5676034
6125418
4440940
2610730
5742656
3929382
4188114
3025757
4164722
5731518
10532183
68565013
11903215
11973484
9705990
10466887
10354042
8150986
9034048
9245625
11541594
8520694
15258535
10188833
10818713
7830948
8865163
7695261
8747921
7388828
8818757
7576572
8530223
8673041
10404064
8052881
10770588
10871096
9948519
16070386
12186053
12911253
9568654
10422454
9858385
9701052
8877829
7885424
8914799
7488330
9137490
7494016
9145554
9176254
11803316
7973282
8942952
9685113
2619636
3918767
3007150
2368950
3664553
3621585
3204731
2686751
2653017
2920622
3172989
3340580
2248195
3073748
2610672
2481880
2626705
2854605
3212042
2795500
3057607
6429504
2267402
4019291
2993466
3854975
3108616
2954917
3248137
2969159
2579522
3482122
2531615
2935428
2309792
2751367
2580134
2382315
2592691
3001942
2380951
2990180
3053123
2625473
2550796
2643573
2691637
2534626
2452570
2690813
2445973
2614639
4687566
4810675
3096204
6810048
6251570
4319912
4306339
6394008
2822623
2710380
2960980
4025667
2739069
2369301
3509567
2696710
2829348
3159049
2968638
3286424
2630291
2847102
2694290
8403202
2623252
2644941
3936494
2232259
2578389
3284734
2766369
4891544
3979762
3202229
2512521
2491620
4714124
3687143
2227874
2569267
2665225
2758612
2391243
2435299
3080674
2530435
2950739
6339482
2216233
2786522
2596253
3016437
2458764
2542139
2724381
2914828
3411625
3669509
3332042
7160284
3361005
4004021
5746840
2723525
6542983
3315486
3198305
3873300
3226769
3144213
2764636
4552927
3404838
2510966
3808209
3277119
2721418
2909671
6036127
3209781
2742516
4036648
2990133
3008756
2632936
2920143
2822596
2596026
2934543
2794084
3009903
3927019
4654034
2459912
2891863
2958806
2901718
4157765
2221248
2518000
3160748
2928239
3920883
3019395
4836060
2363432
2538028
2730276
3033857
2583283
2484166
2556600
2414338
3829589
2119322
3979281
3241006
6261765
3017699
4360302
3503572
3995467
4013070
6655163
6756033
4670888
3097373
3609062
4488323
3056493
3886786
5184632
4301013
2672894
3915773
4600779
3011579
3007090
5169588
4282732
3268667
3133762
4726538
3405786
2970805
3696756
3275732
2983490
5985625
4964265
2910875
5411970
4037949
3992761
5274180
5497379
3870855
2399175
2928700
4166503
3343778
3493789
9819399
6940919
3000098
4009547
2897827
7092617
6993613
4115166
8074022
5737743
4203735
4262504
4180663
3899355
4227692
3392362
3760641
6392087
3076557
7049709
3586819
4874273
4432997
7384883
3944162
6705255
2800481
3875912
2586090
3716044
5545840
4426247
3069475
2484062
3077820
53822605
16674377
11941704
13624744
10230589
8703622
8053135
8823983
8000460
8765570
10183170
8712179
8357476
10428559
9696923
10826748
8509421
9055167
8231170
8938953
8264426
9167895
8422223
9907519
10246753
9628530
7558329
8701519
7545048
9491739
8105185
8958411
9786268
9649737
8640515
8650101
10175530
9188759
7954392
9268100
7832661
9902279
13053421
9933530
10800752
10012813
4160730
8510558
8630722
2961143
3765106
2597994
2697880
3780142
2436019
2472151
2734814
4301707
2692481
2478752
2478874
2763911
3049732
2840714
3182059
3068049
2510097
2774484
3619046
4061498
3028613
3236141
3129313
2422355
2526236
2605894
5665511
4154471
2980844
3084614
2401457
3000282
2668558
3359979
2692433
2688943
2587761
2990086
2865415
2489819
2491512
6270014
2265829
2978287
3172824
6002816
2648629
3051031
2762799
2653751
2576475
2832821
2974486
3058523
3976429
2241633
2562672
2452331
3071057
4397551
3550944
2800145
2853485
2808751
5823466
3494060
4622197
5679785
3093407
2781722
3981752
2610023
4210430
2384276
2463903
2808766
3219696
2379203
2710224
2735940
2932569
4070878
4052446
3389841
4676427
2391447
2426873
2501579
6453592
5635712
7082975
2513767
4402112
3355718
4491520
3362957
5359055
2542867
3710243
3399095
5652341
4886426
2988972
2888012
5068924
4557744
2722364
11061314
3035612
7420544
2648369
4238052
3524284
3165209
3932451
2564653
2503120
5553670
3701992
3554049
3481865
2805715
2721790
2506873
4051123
2711980
5072033
3651299
2787335
2863082
3222128
2362115
2619875
3447100
6525373
4746272
8414312
6722571
6357013
5650566
2259797
4111920
4782461
2199866
2468733
3128026
2845506
3150753
2918010
3736442
3505981
2647318
2430007
3833161
4297051
3055127
2514994
4522302
5750801
3777103
2360096
2702904
3524596
2174818
3909391
2292197
2860297
5801042
3726594
4877308
3108334
8850992
4252978
3595847
2879314
3008810
5553616
2588794
3024920
4348208
3145964
3789238
3397102
2445062
4559041
2807509
3017978
2789119
3263686
2612212
2635302
2578120
2604060
3258935
2403210
2758927
5419427
2560505
2936685
3844816
3883422
2427439
4131533
4999967
2725771
2334338
2499083
3096975
2501743
2725296
2357143
3036784
2661036
2851619
2358842
3961194
2279470
3332063
2247312
3144796
2426788
2570166
2634541
2507218
2560551
2883731
2456688
3061637
3164631
3711023
3813018
3528732
2747679
2775878
3763584
5105623
5563502
3432996
3641392
2751900
3239557
3091788
4056246
4144540
2528430
2433524
8131978
50578962
14515874
10516239
13187593
8092953
9343881
8119653
9676176
9055527
18746495
7469926
8746633
7681544
9142951
7544106
8818780
7356204
8561350
7844426
8810104
8674627
9444647
9790215
9455185
7871532
9419357
8058914
10120913
9165232
9287146
9731358
11616508
7892293
8812358
7504491
8623230
7467245
8746137
7512364
8616783
7753343
8726149
7712890
11402638
7519143
2335372
2949601
2935478
2888253
2874155
4095871
2856001
2735776
2400530
5335908
3096700
2376533
4731863
2537284
2302357
2410560
6266979
2942470
2974331
5792729
2946607
2339049
4329345
2322274
2304761
3753526
3087737
10340056
3434277
3874621
3705769
4696217
2439779
2470502
2977474
4650932
2554629
2472385
2754556
2251024
3639864
2346318
2789983
3413014
3915212
2504965
2816710
2668259
2853794
3396592
2162569
2570657
2373087
2603390
2870947
2561822
2206925
2669442
4642204
3017875
2306986
2630270
2638097
2389594
5205070
3749116
4829199
2898757
2741012
3108910
2229038
2554968
2394832
2707941
3270506
3519261
2319409
4756274
2721454
2580381
4972591
2237050
2454137
3112461
3008679
7332947
2684609
5321394
3721387
5187786
2519685
4116883
2373535
3803690
5554873
5087676
5769744
2975216
2892501
2778078
2821492
2576661
2824967
2288751
3165810
2183669
3291731
3427252
2274134
2515180
2379008
2452464
2368172
2608828
4495017
2754711
4141686
2418187
2571007
2644369
4042448
2490207
3614463
3166298
2185281
2445296
6569206
3256597
3405757
2448603
2778310
2565754
2480139
2344888
3354584
2687354
2339001
2689590
3705462
2236602
2472809
2359038
2672642
2923600
2442105
2856416
6219206
2963751
3411405
2997457
3842123
2692825
5771797
2469432
3244752
3876557
3855511
2880046
3051190
3553247
4398553
2986741
3696636
5339689
3090217
4506846
2794001
2708856
2778452
2880740
2404848
2269056
2409230
2355518
2410728
2941672
2376301
2405997
2543191
7317834
3970501
6332205
6941761
6398259
2860135
4559457
7093707
11924027
8631503
3064419
4304196
6695230
4004039
2927348
4937645
5833791
5143605
3378534
3725540
3855489
6237514
9396516
5034116
4588181
4752319
7864661
7257719
4028432
8469766
3410861
3117488
3529925
3542088
2898334
2605776
3865486
4470743
3008675
2611477
2961844
3443849
4221123
4189131
6060727
2439263
6511493
3040158
2487018
2689694
3056518
5113782
2501096
4848479
2492708
2550270
2653021
3739241
2490882
2837044
2721598
3082165
2704736
2520253
2373822
4754339
2203458
2483007
2416492
2629727
8433166
2734819
4777431
26570680
24364445
27467982
7756839
9759643
7609370
10108367
9014904
10384795
9166669
10105400
8076492
9893988
7988229
10001724
8032248
9871499
8805258
9067145
9493886
9284428
7802504
8843038
7713971
8803325
7752629
8835758
7755430
9764648
8990054
10595449
8208615
9870339
8064899
9331078
9050228
9899875
8412234
9153059
12877358
11123134
8925817
14166074
8901975
2861857
6054193
3673834
7462968
3713172
9647765
10285812
7316352
8175366
6520213
4267384
4859380
4181047
3857506
8888721
6657472
4702653
3730391
8792233
6981882
3152695
4623256
3140989
3627861
3709915
6872755
9350056
2966612
5075481
6362115
4650756
7648727
7411360
4859557
3633308
3008967
3365968
3509669
3486138
3037649
3218597
3368877
4564785
2852610
3296296
2773508
3143989
2230539
3543277
2203289
2582671
2782630
3086298
3228496
3162532
2594608
3201275
3986504
2646573
4312949
2911705
2654684
3728141
2427280
2341164
2674007
4100234
2722777
2681653
7126339
2308475
3628985
4873367
2489985
2186282
2405470
2551286
3137075
3563961
3709748
6627171
2357861
2825470
4345511
4569882
3225091
3275172
2914573
3597987
2387812
3700098
8350192
3612681
4085179
3211009
3287727
2915178
4274593
2941041
4062383
2507171
2903305
2460728
2287120
3676543
2187627
2492150
2606829
2524960
2742991
2548829
2767466
2317271
3811037
4031421
3126802
2583360
4441075
2844403
2391061
3719227
2176153
2357941
2812101
2377847
2415907
3895224
6271224
5004632
5209309
3531818
2558442
2748424
3737853
2823321
3856185
2179186
2377732
5413447
2104305
2484143
2671334
6248672
6101775
4632430
3058920
2856966
4420988
2550346
2936670
3780891
5737004
3405015
3882405
15842083
2383873
3756306
4086663
3813169
3769147
4042421
2515784
3176510
2326941
2620655
2640269
2455619
2365409
2681006
5881589
2337361
2972548
3542383
2239153
2441025
2430707
2734612
2329625
2536164
2392924
2530792
2968170
2347195
3899623
3921564
3683746
2995243
4165867
3688427
2125807
2458897
2932666
2765773
2565983
2474579
2344892
4422955
3637725
3349655
2839076
3086662
2332222
2644915
7170786
3194157
3113937
5512610
4919185
2305347
2850714
2970400
4557997
4405191
3132947
3777990
4242871
5287312
2948522
3428196
3264443
3737714
3383881
2254791
2982454
2274533
2498382
2494412
2595107
2515192
2430635
2404815
9931898
3761035
2348022
3922965
2319193
2605406
2444358
2308567
2656133
3722048
2169724
2582021
2451875
2495469
3123099
2964927
2497615
4135253
3196440
2765414
4350460
2491515
2552519
39355558
14778476
18141461
12333679
10903332
7628908
8669001
7604790
8791149
9772870
9386569
7465610
8855006
7505630
8841016
8520143
8778046
7653859
8855448
7514443
8951834
9763238
9994483
8059092
9180711
7863945
8696606
7797296
8649968
7611937
8731656
7625450
8899999
9881088
9211450
7662939
8977806
7788452
9404593
8365743
9495657
7903073
11012775
2493078
6151965
3549836
3294666
11299168
3188672
3934671
3516587
3391404
3483825
10081152
4700856
5515395
8136464
2825822
2816650
3497426
3388395
2340494
3977365
2250505
3029379
3248242
3606320
5471476
2423360
2937716
3214127
6479996
4203711
3617593
2770396
2396675
4803618
2492112
2866601
3331718
3531729
4046800
2826167
3966544
3233987
7042167
5488119
4462734
2791018
3384652
4387790
2346912
4764977
3155561
2326133
2961412
4238589
5600261
6254703
3930815
3793978
2702360
3806993
2527152
2857479
4231868
5868171
2956909
6156327
4915243
3801559
9274289
4479130
3602056
4289550
3903484
2919747
4052938
2201655
2886395
2719353
2367933
4829623
4635780
2263848
3713192
3279314
3576058
5871996
3188706
3373078
3129941
2644719
2423303
4696916
4072259
5539181
3691134
2398249
3644295
2637220
3726599
2529244
2187219
4440847
3897746
5075164
6678808
4089750
7454961
2370717
2837529
4069163
2460561
2663423
3422715
2810182
5155452
3856866
2353013
4371511
4112502
3592782
3528682
3538302
3675339
3126265
3868608
2587520
5860894
2312672
2336146
2588818
2679480
3695251
3000298
2976336
2383401
4465387
2590500
2983007
2298617
2373704
2410023
2457000
2569743
2373395
2767449
2356614
2588243
2543900
2326399
2478535
2681475
2945521
3265972
2810990
7177833
2843236
7020488
2861489
2541980
3408851
6849323
2356784
2906829
2397408
4085805
2547064
2518722
2707288
5449715
3152264
2437008
2409031
4956379
6248153
3061468
4416895
3391439
5492597
4190708
3034362
3782203
13243857
4035412
7677092
7573920
5676836
5256751
2809069
4587096
3855866
3211036
4072491
3379221
3441363
2448666
2500611
2659012
3941702
3767947
2988637
2902837
4072995
3824738
7132412
2354541
2561863
2442330
3829671
2272118
2803423
2468840
3169707
3982598
3236575
2142815
6991863
2182889
3082693
4646861
6436870
4822138
3379629
2706280
2973831
2219954
4478545
3810818
2448852
3753645
5318079
2668031
4080771
5097627
2761153
4166151
4065627
4290265
2939085
2227390
2473645
5133595
2589902
2588856
2455821
2946224
2651160
3117174
5035064
3042344
2653226
2524147
2770530
2961753
2454351
2380620
3967127
10319020
33837173
19295563
9738195
10834085
9768443
8708339
11780619
9145463
8661214
7633366
8843739
7490298
8763118
7393092
10152034
7965242
8938381
7521066
9065509
11491790
9823648
8157057
9052045
7939658
8954446
9393901
10282572
9753732
10409302
7705334
8712181
7511641
8746417
7710196
9030982
7615188
8864604
8862440
9606918
8875032
10976670
4029399
6581057
3795441
6688252
3182871
3257252
5951847
3865237
5556307
4068949
3719984
3071669
4567240
11411050
3679272
2365737
3007555
3848081
2338112
2812289
2748493
6189887
2887414
10140321
3066406
5327323
3675914
2227816
2576849
2631919
2536500
2612902
2497728
2541248
2730836
2426792
4058148
3477021
2854997
2581168
2759006
2386914
5766650
3915924
2377001
2755083
2250844
2938892
3653912
2510400
2600297
2641401
2356046
2425638
2570371
2504844
3057491
9429439
6980195
3313896
2086553
2422362
3076729
2890745
2641392
5315724
2323678
2612784
5965847
3007633
2653458
2755910
5041900
2626091
2375866
2575418
3955382
3873858
7556250
5694715
4013407
3996098
2411939
3590462
3611713
3805858
3155002
4588015
3694201
2450709
3531356
4075745
3672502
2568330
4141527
4925222
2219393
3748606
2396771
3023082
3021161
4095962
2288425
2287789
3914991
2415781
2563352
2517758
2593485
2829322
3671093
3774343
2182517
5553895
2978904
5035748
8093303
3195504
4016277
3571325
2380449
2930889
2990656
2893842
2353677
2707995
3498467
2696130
3938215
2567338
5248918
4499651
2099388
2601633
3384688
3801302
5008662
3298804
3185235
2643019
2839644
3061575
3071325
2872482
3740577
3083724
4262633
5933481
6122898
5753933
15997095
3149220
2776490
3142199
4800914
2517270
2606686
2439339
2690605
2929805
4131174
3115410
9042245
2917974
2862872
5947472
3786732
4202730
2738885
2686277
2526640
3472804
5164679
3677140
3839158
3660467
2237333
2694405
2363857
4168147
2293903
2567850
2600408
5933899
2409458
2645825
2970609
3000099
2376876
2583742
2628205
3002055
3929681
3281165
3779014
3549602
2962132
15305882
2947205
9868967
5352108
6749274
4769907
7817491
3047029
14048106
6929344
10424691
7359909
4664719
6974987
3275985
3826407
3486238
2911123
4774912
2607775
2958830
4250833
3898138
9006518
5587974
4039053
3915343
5345520
4554778
6443447
3996151
2814550
3260687
6802172
15921637
3960412
7018102
4460414
4564355
3435928
3052961
3242931
3763183
2927499
3797453
3400521
3931202
3401166
7214674
3324016
5557793
2883854
2744642
2340025
4092439
3838054
2689931
2871626
2721846
4284657
3678533
13265911
35126717
28476066
9809376
9132809
8649093
9214535
7566890
9060189
7626373
8768375
7621611
11179514
7698361
8830895
7707560
8584065
7455537
9045657
10605060
10735418
13973795
27286081
11604728
10230526
16288459
14279940
12996658
12681725
15178757
28245461
16013710
19931895
14963132
16165520
21132199
18639746
18205236
17686154
13213717
34794682
7492823
4029602
3897952
3901077
10496871
3233918
6773151
6607293
5128749
6354444
5649534
4871950
4351615
5800791
5626661
7531790
11781883
5272731
7300155
5962936
16362385
4339371
5654478
6500095
5485840
4684448
4866731
5377833
7060934
13871567
5447200
7075975
3248914
5164627
5356800
3044298
7339301
3664553
5253992
6738821
4628383
4525739
7010098
4043098
3486718
3872044
5253699
4719186
4928274
2488726
2278877
3722971
4479038
7199198
5492658
3599404
3147656
3391329
3252390
3120446
3351541
3581350
2093704
3310282
2794681
3492001
2455205
4073198
2817151
3433400
4321452
4312461
3547921
4084008
3126082
9266988
2499939
4479073
5054330
2879669
4429916
2257807
2425958
2351468
3354005
2129380
2424022
4164722
2615977
2589853
2524588
2295251
2622506
2495947
2473919
2432792
2445245
2394837
2739959
2539176
2704428
2522899
3377496
2076327
2442920
2658768
2362468
2514465
4056953
3201231
3912300
2256352
2635867
3743647
2245294
2696503
2978535
3492954
4880330
3410677
4686223
3914156
3977427
2546882
13036271
4064388
3311438
2592308
6463153
3349529
3047204
3180227
4277248
3182422
10935238
5218018
5232745
10206899
4450220
3133719
3761003
2788721
3596669
4719542
2653970
3162399
2476417
2709973
2412995
3800733
2442803
4524512
2826606
2317807
2480862
2734088
2562829
2505570
3646356
2344138
2882344
4446892
2606176
2648927
2565852
2329237
2339548
2531599
2488153
2444731
2533038
3174578
3041912
2873987
2820486
3155025
2962684
4295786
4449627
2622942
3669288
2857589
3036492
3993758
2597500
3661146
3346943
2512557
5836706
3243235
4375635
3361203
8600594
10817526
2984209
8290238
4056375
2950963
2425841
2825756
3122023
2644120
3891935
2603815
2383463
2714123
3176946
2556381
3693650
2535239
2272020
3069898
2466834
2805681
2367558
2848428
2561373
2864593
3788932
2857167
2594490
5893566
2376164
2404123
2408155
2381010
2849214
2480443
2763123
2506261
2852323
2372711
8359631
2454979
4991899
4449618
3297922
7682161
2624990
3226380
4371303
3978005
2621333
4354674
4299693
3918345
3874873
3062793
2944505
5066584
2872373
2921415
4411146
3932630
4174186
6414531
3161061
3154368
3080770
18766389
21999214
11490798
9145236
8946097
9622929
7901388
10324661
12101827
10403729
8528311
9323560
8414384
11051183
11276497
9305182
8150908
8713673
7523479
8817215
7998002
8847764
7828940
8892143
7510482
8668681
9665504
8792836
7727267
9158963
9156809
9037617
8446926
10527897
8420019
12099305
8604873
12913791
8494246
8902624
2684375
3411300
2173250
2560615
2521838
2986156
3019880
9345456
4522145
2898016
3091989
2172374
2381716
2554335
2498645
2850407
2490380
2593301
2674329
2755254
2549898
2699938
2890846
2482814
2711958
4542785
2352379
4094624
2509073
2657901
2439808
2496715
2521179
2582613
2537190
2424124
5616078
2490840
7003039
3090617
4778373
6423929
3437352
2641195
4999984
2389984
3706999
5402412
4503693
2467538
3939204
2486779
7828175
3479697
2694715
2373107
6246325
3104556
6291469
3113985
8578985
3101923
7675226
3129156
2353251
3831712
4220265
2188422
2617518
2342703
2430921
3776138
2226282
2601836
2498366
2453915
2498524
2535067
2556659
2672476
2301695
6376167
3429947
2305631
2682882
2676042
2414370
2686586
2545709
2598123
2629832
2547419
3124581
2966183
3040950
3811236
3902349
4040216
4619847
3145423
4466452
3180368
2289108
2592128
4271891
4807207
3068303
3346820
3576424
3857657
4020469
2749500
7486175
3449016
2766653
3368157
3571171
4378851
6746646
3725943
6172719
4791347
6155500
3625906
3842905
4725987
3797107
5541565
4201462
3842931
2662366
2618394
2764621
2643524
3289961
4372752
3579478
4380246
2906869
4098357
2660115
3719340
2808930
4804749
3124120
3793039
7559921
4749682
6157956
5351148
4363950
2881317
5312970
6224420
3971701
3645008
3924863
4821687
7953617
6648214
3570124
6664158
4914771
5790677
6806152
4234922
6113193
2633366
2689774
4141483
3007451
3630120
5051211
5112204
4383280
2399129
3224186
3122299
3600914
3235580
4178407
2965011
4434372
4990205
4091186
3259801
3966249
4230725
3064859
3639455
2444072
6020309
2868706
3382928
10934804
3967917
2680529
3512199
2931475
3085724
4955749
2615400
3209775
5187601
5135911
2565659
5566083
11880183
7926948
5450202
3491365
7272433
2704224
7542888
2571405
5387027
3718972
2139405
2476168
2582150
2512632
2362774
2632220
2494834
2449383
3009552
2703247
2640437
3878394
2180999
2499937
2424983
2605722
2326274
3238532
7408646
2434795
2411033
2491122
2433125
2525124
2403344
2512598
2761375
5870581
10577159
3620568
2445924
3812114
3055046
2530391
2653167
2489562
3178705
5389970
2676009
5360441
2471837
3168671
8424051
30523943
12459505
33256824
7708123
8748857
7909202
9454112
7827024
8583400
7667937
10584798
9428772
9498749
7691241
9960289
8001138
9491392
9051440
12585783
8527296
9169960
7766860
8913881
8727481
8995421
7554139
8767892
7493584
8707628
8841354
9167833
7549704
8902450
8118986
10898031
9577870
9449077
8691598
2409657
2646227
3064192
2754802
3125438
3497341
3168888
2734694
4154401
3239366
3636355
4560675
2768954
3107146
3173068
2779424
4812974
3193979
3013082
3851239
2431573
2438664
3398230
4381142
2740463
2918635
2263857
2557198
2541095
2895650
2425391
2725711
2362853
2670167
2506356
2416055
2419548
2398978
2913394
2303597
2566195
2645971
6120277
2621701
2450032
2384460
2366025
2536073
2354621
2628509
2399724
2482761
2462715
3378922
2453581
2531499
7721529
6687339
4148303
3934123
5613701
4061877
2625119
2935802
3469773
2468069
2288193
3015065
4488384
3737259
3484281
6998819
3967690
2975179
2514457
2668968
3866762
2425695
5088090
5546212
4874958
5887990
3407833
3705787
3312371
4779386
3742193
3235101
2597190
2799166
2351820
2505998
2356724
2658096
2803107
2271750
2867780
3587091
2177146
2693875
6324550
2473680
3670210
2210875
2343442
2614611
5167277
2473908
2714423
2443538
2648993
2201604
3270572
2986229
3251032
2697641
3344740
7101733
2275256
2795926
2999013
3467676
4537792
2394374
2859241
2834141
2734233
2692345
3105417
3382400
14320717
8113766
3520481
4673246
2674561
3154069
2590987
2893573
3941180
3040308
4155816
5085970
2914351
3655175
3917506
4369082
3939147
3628242
3362498
2506488
2301765
4022763
3537167
2259352
2835501
2225917
2425881
2597261
3160597
3277104
2815602
2312354
2568207
2720164
3505330
2137918
2593399
2446159
2639567
2737193
3387816
3092529
3042311
5462197
7091192
2741148
2639363
6553186
2314720
2438299
9007160
2578576
4129445
3541778
2235260
2363000
4412957
3943262
3547374
5074655
2533804
3966735
2883026
3585268
3886284
2606002
4217420
2428799
4378503
4927145
3808756
3694662
3988198
3318829
5084584
2535442
4047221
2494827
3288640
2723765
3074980
2509310
3524822
3294133
2434198
2428051
5451820
2650024
3672979
2112831
2662411
2330481
4015200
2470097
2429879
2714664
2696567
2888678
6319228
3011635
3119793
5988904
2463910
2938384
2915926
2646181
5428103
3190473
3921538
3978756
5008618
2248737
2773249
2860954
3328476
5801273
5252172
4322074
4086427
8196577
2891355
5261219
3852668
2630127
4268118
3663377
5193389
3374850
2823924
4613408
2555943
2962513
12791086
40433496
8570989
9322892
9001683
9871675
8680766
13254071
7759686
9395730
11761394
9507622
8666138
10372796
8078969
8516194
8026770
8877736
7738940
8801762
7718964
8613422
9490077
8743108
7543487
9005513
8473061
10534678
8517861
9373692
8068839
10569401
7766959
10966233
8116141
11612909
8344138
8902774
2337720
2589776
2516478
2643449
2346429
3418909
3832076
2766697
2733032
2345717
2675969
3389150
2829540
4533369
3120971
2945952
2634596
2559101
2634813
2314927
2779690
3275051
5629144
3722488
2630510
2728793
2740221
4362019
2148192
2505468
3267213
3686008
2877366
2341755
3948900
4027406
3754317
3972467
2799703
3709374
3170677
7364933
2476040
2385278
4262629
2411566
2374596
3259013
4164724
2495707
6225358
4742499
3034467
2955725
2812660
3557995
3767892
4690472
6397630
3440659
5215237
4086960
3743478
5086195
5114271
3466146
3897097
2827426
3036527
2735713
2338263
2762746
3560555
2260506
2383944
2874850
2473984
2351398
5364969
2451442
2882215
2306619
2615782
2407749
2572870
2504874
2490807
3726511
2689322
5309573
3259453
2389227
2353061
3162931
4472564
3759041
3397343
5128308
4208676
3843483
2820491
3992365
3496537
3085078
3721819
3096565
4948700
8682844
4843614
2575965
5254112
4106727
2248387
4330258
3837006
3621796
4507914
3729902
3820479
4765540
3222845
5471390
4328174
3571235
4364902
2431079
2834817
2656421
2551640
2394055
2521224
2748339
2452885
2449873
2465241
2855253
4878007
2581202
2398145
2554105
2527626
2721298
6938077
4199966
2731259
3076912
3081487
2620154
2600581
6029264
2968837
2990248
4674775
4801638
4175850
3136204
4824297
3682949
3474081
7406272
2302792
5618565
2794617
4091269
4694301
4149079
5320645
4146415
4217826
4063453
2442153
4231287
2546673
12812952
9997832
4998227
4434975
5227691
4854623
4092381
2563800
2878213
2862341
2869525
3557673
2772686
3506463
5089603
3781682
4343861
3696203
2610129
3118217
3625494
3612839
2587092
3139227
3737588
2986499
5435415
4688829
4962446
14070706
8686319
6610453
4035922
5859311
5620567
7033508
3966425
3672207
8019327
10221887
4137641
6191997
4242636
5644186
4469547
3528443
3807270
2621336
4164516
2546688
2937122
2819988
2473278
2481433
2466828
2420117
3235317
2841187
4151524
2821080
2512666
2316229
2591874
2670568
2525619
2361318
2470333
2492257
2526023
2483323
2374721
3778207
2273592
2391163
2533760
3469481
3677850
2695983
4115115
5163965
3120507
3071300
3092998
4016640
2007710
2534163
4216524
4855941
3524261
4311795
30641847
24912920
14189100
10944375
10062713
7739540
9907488
7524041
9423213
7588300
8842449
7490493
10341881
8074739
10447444
12985677
10914830
10671974
11251924
11146818
10287660
10573223
9331409
9386518
9497011
7968498
9007283
9267144
9077104
8191790
9063290
7968166
9269593
9639508
9982353
9996065
8334882
2249811
3228934
2986643
3306888
4501407
6567421
2813190
2291049
2976131
6557523
2800502
2454606
3529331
2552925
4419051
5522905
3851580
4424074
3227897
2797211
2632207
3026442
2491113
2380850
2451930
2902714
2465480
4302743
2403179
2996783
3715382
2923601
2373831
2601715
2452248
4703227
2520803
2419795
3026881
2353292
2684421
2584198
2329569
2323818
2608969
2428228
2589764
2436801
2477123
2428916
3055044
2418063
2368059
2570254
3029030
2762851
2774316
2932015
3092633
3016859
2616051
3745796
3265261
4199486
5314963
4035408
3340952
4047398
2411617
7053697
4195173
2465817
3446053
2869688
2345339
2358379
3280745
2815699
6030257
5671978
2641721
3128772
4424160
2741903
4437359
4251384
3635854
5992921
6325012
3835419
3225419
3018160
4804302
2980780
4296150
7252925
8670558
3247595
3162958
2589698
2451360
2305785
3859053
2166822
3416263
2355023
3753121
2266554
2631938
5177617
3522702
4375775
3018274
7904301
4081933
